5497.600000 0.00125
5498.300000 0.00131
5499.000000 0.00122
5499.700000 0.00132
5500.400000 0.00137
5501.200000 0.00133
5501.900000 0.00128
5502.600000 0.00124
5503.300000 0.00122
5504.000000 0.00124
5504.700000 0.00127
5505.400000 0.00125
5506.100000 0.00113
5506.900000 0.00128
5507.600000 0.00123
5508.300000 0.00132
5509.000000 0.00125
5509.700000 0.00118
5510.400000 0.00109
5511.100000 0.00122
5511.800000 0.00125
5512.500000 0.00122
5513.300000 0.00126
5514.000000 0.00126
5514.700000 0.00137
5515.400000 0.00139
5516.100000 0.00137
5516.800000 0.00128
5517.500000 0.00122
5518.200000 0.00124
5518.900000 0.00134
5519.600000 0.00132
5520.400000 0.00141
5521.100000 0.00133
5521.800000 0.00136
5522.500000 0.00138
5523.200000 0.0014
5523.900000 0.00126
5524.600000 0.00137
5525.300000 0.00142
5526.000000 0.00144
5526.700000 0.00134
5527.500000 0.00143
5528.200000 0.00138
5528.900000 0.00129
5529.600000 0.00149
5530.300000 0.00154
5531.000000 0.00138
5531.700000 0.00159
5532.400000 0.00139
5533.100000 0.00151
5533.800000 0.00151
5534.500000 0.00159
5535.300000 0.00136
5536.000000 0.00142
5536.700000 0.00161
5537.400000 0.0016
5538.100000 0.00163
5538.800000 0.00138
5539.500000 0.00142
5540.200000 0.00165
5540.900000 0.00166
5541.600000 0.00162
5542.300000 0.00167
5543.000000 0.00174
5543.800000 0.00166
5544.500000 0.00171
5545.200000 0.00169
5545.900000 0.00176
5546.600000 0.00172
5547.300000 0.0017
5548.000000 0.0018
5548.700000 0.00183
5549.400000 0.0018
5550.100000 0.00182
5550.800000 0.00186
5551.500000 0.00188
5552.200000 0.00187
5552.900000 0.00193
5553.700000 0.00208
5554.400000 0.00186
5555.100000 0.00199
5555.800000 0.00196
5556.500000 0.00216
5557.200000 0.00199
5557.900000 0.00205
5558.600000 0.00218
5559.300000 0.00221
5560.000000 0.00216
5560.700000 0.00231
5561.400000 0.0022
5562.100000 0.00228
5562.800000 0.00233
5563.500000 0.00234
5564.200000 0.00241
5565.000000 0.00246
5565.700000 0.00245
5566.400000 0.00273
5567.100000 0.00274
5567.800000 0.00263
5568.500000 0.00268
5569.200000 0.00272
5569.900000 0.00281
5570.600000 0.00302
5571.300000 0.00312
5572.000000 0.00306
5572.700000 0.00307
5573.400000 0.00316
5574.100000 0.00314
5574.800000 0.00326
5575.500000 0.00334
5576.200000 0.00355
5576.900000 0.00347
5577.600000 0.0037
5578.300000 0.00376
5579.000000 0.00376
5579.700000 0.00395
5580.400000 0.00394
5581.200000 0.00405
5581.900000 0.00425
5582.600000 0.00438
5583.300000 0.00442
5584.000000 0.00446
5584.700000 0.00464
5585.400000 0.00498
5586.100000 0.00499
5586.800000 0.00493
5587.500000 0.00526
5588.200000 0.00551
5588.900000 0.00564
5589.600000 0.00586
5590.300000 0.00605
5591.000000 0.00621
5591.700000 0.00637
5592.400000 0.00653
5593.100000 0.00676
5593.800000 0.00699
5594.500000 0.00734
5595.200000 0.00776
5595.900000 0.00794
5596.600000 0.00819
5597.300000 0.00835
5598.000000 0.0085
5598.700000 0.00891
5599.400000 0.00946
5600.100000 0.00962
5600.800000 0.00987
5601.500000 0.01034
5602.200000 0.01068
5602.900000 0.01128
5603.600000 0.01192
5604.300000 0.01205
5605.000000 0.01238
5605.700000 0.01316
5606.400000 0.01416
5607.100000 0.01431
5607.800000 0.01518
5608.500000 0.0153
5609.200000 0.01657
5609.900000 0.0167
5610.600000 0.018
5611.300000 0.0183
5612.000000 0.01888
5612.700000 0.0203
5613.400000 0.02111
5614.100000 0.02193
5614.800000 0.02377
5615.500000 0.02413
5616.200000 0.02539
5616.900000 0.02699
5617.600000 0.02769
5618.300000 0.02889
5619.000000 0.03051
5619.700000 0.03239
5620.400000 0.03389
5621.100000 0.03555
5621.800000 0.0362
5622.500000 0.03845
5623.200000 0.04084
5623.900000 0.04327
5624.600000 0.04592
5625.300000 0.04804
5626.000000 0.05113
5626.700000 0.05355
5627.400000 0.05568
5628.100000 0.05906
5628.800000 0.06194
5629.500000 0.06536
5630.200000 0.06959
5630.900000 0.07301
5631.600000 0.07699
5632.300000 0.08115
5633.000000 0.08597
5633.700000 0.09054
5634.400000 0.09678
5635.100000 0.10134
5635.800000 0.10695
5636.500000 0.11341
5637.100000 0.12074
5637.800000 0.12799
5638.500000 0.13533
5639.200000 0.14204
5639.900000 0.14965
5640.600000 0.16001
5641.300000 0.16926
5642.000000 0.17862
5642.700000 0.18877
5643.400000 0.20011
5644.100000 0.21248
5644.800000 0.22437
5645.500000 0.23668
5646.200000 0.25047
5646.900000 0.26478
5647.600000 0.27887
5648.300000 0.29328
5649.000000 0.31025
5649.700000 0.32643
5650.400000 0.34438
5651.100000 0.36365
5651.800000 0.38084
5652.400000 0.4001
5653.100000 0.41773
5653.800000 0.43613
5654.500000 0.45919
5655.200000 0.4783
5655.900000 0.49916
5656.600000 0.51834
5657.300000 0.53838
5658.000000 0.55957
5658.700000 0.57963
5659.400000 0.59893
5660.100000 0.61702
5660.800000 0.63549
5661.500000 0.65385
5662.200000 0.67024
5662.900000 0.69012
5663.500000 0.70453
5664.200000 0.71983
5664.900000 0.73583
5665.600000 0.74765
5666.300000 0.76027
5667.000000 0.77093
5667.700000 0.77987
5668.400000 0.79021
5669.100000 0.8005
5669.800000 0.80496
5670.500000 0.81294
5671.200000 0.81886
5671.800000 0.82262
5672.500000 0.82869
5673.200000 0.83353
5673.900000 0.83398
5674.600000 0.83836
5675.300000 0.84064
5676.000000 0.8413
5676.700000 0.84007
5677.400000 0.84393
5678.100000 0.84194
5678.800000 0.84445
5679.500000 0.84403
5680.100000 0.84215
5680.800000 0.8442
5681.500000 0.84387
5682.200000 0.83945
5682.900000 0.84091
5683.600000 0.83917
5684.300000 0.83719
5685.000000 0.83552
5685.700000 0.83841
5686.400000 0.83709
5687.000000 0.83429
5687.700000 0.83147
5688.400000 0.83444
5689.100000 0.82744
5689.800000 0.83347
5690.500000 0.83178
5691.200000 0.82712
5691.900000 0.82991
5692.600000 0.82924
5693.200000 0.82968
5693.900000 0.82736
5694.600000 0.82903
5695.300000 0.83076
5696.000000 0.83041
5696.700000 0.82707
5697.400000 0.83124
5698.100000 0.83011
5698.700000 0.83005
5699.400000 0.83092
5700.100000 0.83303
5700.800000 0.83284
5701.500000 0.83593
5702.200000 0.83803
5702.900000 0.83855
5703.600000 0.83605
5704.200000 0.83975
5704.900000 0.84191
5705.600000 0.84538
5706.300000 0.84651
5707.000000 0.84129
5707.700000 0.84766
5708.400000 0.85081
5709.100000 0.84862
5709.700000 0.85264
5710.400000 0.85823
5711.100000 0.85321
5711.800000 0.85952
5712.500000 0.86305
5713.200000 0.86499
5713.900000 0.86799
5714.500000 0.86697
5715.200000 0.87276
5715.900000 0.87643
5716.600000 0.87789
5717.300000 0.88049
5718.000000 0.88184
5718.700000 0.8824
5719.300000 0.88849
5720.000000 0.88841
5720.700000 0.88882
5721.400000 0.89239
5722.100000 0.89719
5722.800000 0.89963
5723.400000 0.90035
5724.100000 0.90426
5724.800000 0.90316
5725.500000 0.90745
5726.200000 0.90525
5726.900000 0.90977
5727.500000 0.91516
5728.200000 0.91456
5728.900000 0.9186
5729.600000 0.91839
5730.300000 0.92081
5731.000000 0.92502
5731.600000 0.92277
5732.300000 0.92375
5733.000000 0.9293
5733.700000 0.92841
5734.400000 0.92511
5735.100000 0.92973
5735.700000 0.9318
5736.400000 0.93285
5737.100000 0.93703
5737.800000 0.9387
5738.500000 0.93855
5739.100000 0.94076
5739.800000 0.94151
5740.500000 0.94143
5741.200000 0.94393
5741.900000 0.94492
5742.600000 0.94436
5743.200000 0.94746
5743.900000 0.94347
5744.600000 0.94775
5745.300000 0.94936
5746.000000 0.94942
5746.600000 0.95201
5747.300000 0.95319
5748.000000 0.95282
5748.700000 0.95483
5749.400000 0.95506
5750.000000 0.95161
5750.700000 0.95408
5751.400000 0.95542
5752.100000 0.95254
5752.800000 0.95448
5753.400000 0.95301
5754.100000 0.95255
5754.800000 0.95638
5755.500000 0.95489
5756.200000 0.95772
5756.800000 0.95794
5757.500000 0.95812
5758.200000 0.95448
5758.900000 0.95321
5759.500000 0.95524
5760.200000 0.95509
5760.900000 0.9526
5761.600000 0.95246
5762.300000 0.95566
5762.900000 0.94998
5763.600000 0.9597
5764.300000 0.95237
5765.000000 0.95582
5765.600000 0.95562
5766.300000 0.95288
5767.000000 0.95267
5767.700000 0.94876
5768.400000 0.9486
5769.000000 0.95307
5769.700000 0.95233
5770.400000 0.95027
5771.100000 0.95112
5771.700000 0.94995
5772.400000 0.95212
5773.100000 0.95498
5773.800000 0.95011
5774.400000 0.9481
5775.100000 0.94523
5775.800000 0.94814
5776.500000 0.94719
5777.100000 0.94848
5777.800000 0.94549
5778.500000 0.94949
5779.200000 0.95295
5779.800000 0.94237
5780.500000 0.94706
5781.200000 0.9445
5781.900000 0.94429
5782.500000 0.94693
5783.200000 0.94305
5783.900000 0.94266
5784.600000 0.9456
5785.200000 0.94592
5785.900000 0.94362
5786.600000 0.9404
5787.300000 0.94151
5787.900000 0.94302
5788.600000 0.94108
5789.300000 0.94267
5790.000000 0.93982
5790.600000 0.94064
5791.300000 0.94078
5792.000000 0.94032
5792.600000 0.9384
5793.300000 0.9412
5794.000000 0.94187
5794.700000 0.94115
5795.300000 0.94023
5796.000000 0.93704
5796.700000 0.94115
5797.300000 0.93799
5798.000000 0.93759
5798.700000 0.93722
5799.400000 0.93694
5800.000000 0.93636
5800.700000 0.93761
5801.400000 0.93419
5802.000000 0.939
5802.700000 0.93932
5803.400000 0.93586
5804.100000 0.9357
5804.700000 0.93882
5805.400000 0.93892
5806.100000 0.93808
5806.700000 0.93723
5807.400000 0.93651
5808.100000 0.93776
5808.800000 0.93643
5809.400000 0.93328
5810.100000 0.93618
5810.800000 0.93953
5811.400000 0.94216
5812.100000 0.934
5812.800000 0.93747
5813.400000 0.93579
5814.100000 0.9355
5814.800000 0.93474
5815.400000 0.93377
5816.100000 0.93553
5816.800000 0.93417
5817.500000 0.93385
5818.100000 0.93573
5818.800000 0.93289
5819.500000 0.93265
5820.100000 0.93599
5820.800000 0.93183
5821.500000 0.93236
5822.100000 0.93616
5822.800000 0.93486
5823.500000 0.93294
5824.100000 0.93637
5824.800000 0.93374
5825.500000 0.93257
5826.100000 0.92953
5826.800000 0.93317
5827.500000 0.93388
5828.100000 0.9328
5828.800000 0.93366
5829.500000 0.9317
5830.100000 0.93703
5830.800000 0.93007
5831.500000 0.93559
5832.100000 0.93587
5832.800000 0.93564
5833.500000 0.93322
5834.100000 0.93471
5834.800000 0.93364
5835.500000 0.9346
5836.100000 0.9325
5836.800000 0.93091
5837.400000 0.93308
5838.100000 0.93265
5838.800000 0.9315
5839.400000 0.93042
5840.100000 0.93192
5840.800000 0.93272
5841.400000 0.93069
5842.100000 0.93131
5842.800000 0.93381
5843.400000 0.93215
5844.100000 0.93026
5844.800000 0.93179
5845.400000 0.93
5846.100000 0.93306
5846.700000 0.92767
5847.400000 0.93195
5848.100000 0.929
5848.700000 0.929
5849.400000 0.929
5850.100000 0.93041
5850.700000 0.93008
5851.400000 0.92975
5852.000000 0.93086
5852.700000 0.92848
5853.400000 0.92906
5854.000000 0.92892
5854.700000 0.9303
5855.300000 0.92789
5856.000000 0.92939
5856.700000 0.93193
5857.300000 0.92745
5858.000000 0.92928
5858.700000 0.92545
5859.300000 0.92838
5860.000000 0.92743
5860.600000 0.93008
5861.300000 0.93065
5862.000000 0.92746
5862.600000 0.92795
5863.300000 0.92939
5863.900000 0.9296
5864.600000 0.92907
5865.300000 0.92762
5865.900000 0.93136
5866.600000 0.92813
5867.200000 0.92992
5867.900000 0.92754
5868.600000 0.93422
5869.200000 0.93032
5869.900000 0.93019
5870.500000 0.92765
5871.200000 0.92604
5871.800000 0.92929
5872.500000 0.9291
5873.200000 0.92696
5873.800000 0.93058
5874.500000 0.93209
5875.100000 0.92799
5875.800000 0.9285
5876.400000 0.92966
5877.100000 0.93255
5877.800000 0.93128
5878.400000 0.92877
5879.100000 0.93059
5879.700000 0.93091
5880.400000 0.92912
5881.000000 0.93275
5881.700000 0.93269
5882.400000 0.93281
5883.000000 0.93513
5883.700000 0.9322
5884.300000 0.93417
5885.000000 0.93292
5885.600000 0.93578
5886.300000 0.93582
5886.900000 0.93583
5887.600000 0.93456
5888.300000 0.93516
5888.900000 0.93771
5889.600000 0.93752
5890.200000 0.93748
5890.900000 0.93421
5891.500000 0.93805
5892.200000 0.93754
5892.800000 0.94049
5893.500000 0.93834
5894.100000 0.93931
5894.800000 0.94182
5895.500000 0.94182
5896.100000 0.9426
5896.800000 0.94431
5897.400000 0.94316
5898.100000 0.94261
5898.700000 0.94549
5899.400000 0.94652
5900.000000 0.94813
5900.700000 0.94744
5901.300000 0.94789
5902.000000 0.94792
5902.600000 0.95212
5903.300000 0.948
5903.900000 0.95051
5904.600000 0.94413
5905.200000 0.9492
5905.900000 0.9473
5906.500000 0.94683
5907.200000 0.94966
5907.800000 0.9525
5908.500000 0.95409
5909.100000 0.95182
5909.800000 0.95181
5910.400000 0.95285
5911.100000 0.95516
5911.700000 0.95377
5912.400000 0.95573
5913.000000 0.95413
5913.700000 0.95343
5914.300000 0.95438
5915.000000 0.95539
5915.600000 0.95437
5916.300000 0.95899
5916.900000 0.95938
5917.600000 0.95473
5918.200000 0.95869
5918.900000 0.95753
5919.500000 0.96058
5920.200000 0.95697
5920.800000 0.95868
5921.500000 0.96016
5922.100000 0.95829
5922.800000 0.96084
5923.400000 0.96191
5924.100000 0.96033
5924.700000 0.9616
5925.400000 0.96267
5926.000000 0.96053
5926.700000 0.96089
5927.300000 0.962
5928.000000 0.96232
5928.600000 0.96219
5929.200000 0.96471
5929.900000 0.96059
5930.500000 0.96362
5931.200000 0.96403
5931.800000 0.96181
5932.500000 0.96057
5933.100000 0.96341
5933.800000 0.96191
5934.400000 0.96601
5935.100000 0.96443
5935.700000 0.96094
5936.400000 0.96584
5937.000000 0.96389
5937.600000 0.96641
5938.300000 0.96582
5938.900000 0.96581
5939.600000 0.96552
5940.200000 0.9621
5940.900000 0.96539
5941.500000 0.96489
5942.100000 0.96447
5942.800000 0.96789
5943.400000 0.96314
5944.100000 0.96073
5944.700000 0.96677
5945.400000 0.96386
5946.000000 0.96579
5946.700000 0.96295
5947.300000 0.96235
5947.900000 0.96309
5948.600000 0.96569
5949.200000 0.96238
5949.900000 0.96568
5950.500000 0.96498
5951.100000 0.96552
5951.800000 0.96402
5952.400000 0.96514
5953.100000 0.96602
5953.700000 0.9646
5954.400000 0.96731
5955.000000 0.96072
5955.600000 0.96365
5956.300000 0.96325
5956.900000 0.96492
5957.600000 0.96247
5958.200000 0.96212
5958.800000 0.96259
5959.500000 0.96302
5960.100000 0.96127
5960.800000 0.96338
5961.400000 0.95984
5962.000000 0.96366
5962.700000 0.96255
5963.300000 0.96256
5964.000000 0.96367
5964.600000 0.96147
5965.200000 0.95937
5965.900000 0.9633
5966.500000 0.96361
5967.100000 0.96288
5967.800000 0.96106
5968.400000 0.96044
5969.100000 0.96309
5969.700000 0.96169
5970.300000 0.96285
5971.000000 0.96278
5971.600000 0.96222
5972.200000 0.95868
5972.900000 0.96508
5973.500000 0.9628
5974.200000 0.96305
5974.800000 0.95885
5975.400000 0.96222
5976.100000 0.9614
5976.700000 0.96245
5977.300000 0.96185
5978.000000 0.9598
5978.600000 0.95806
5979.200000 0.96309
5979.900000 0.95975
5980.500000 0.95766
5981.100000 0.95958
5981.800000 0.96082
5982.400000 0.9605
5983.100000 0.95859
5983.700000 0.96018
5984.300000 0.95724
5985.000000 0.96012
5985.600000 0.96336
5986.200000 0.96024
5986.900000 0.95962
5987.500000 0.96009
5988.100000 0.95839
5988.800000 0.96042
5989.400000 0.96113
5990.000000 0.95922
5990.700000 0.96399
5991.300000 0.96079
5991.900000 0.96187
5992.600000 0.95869
5993.200000 0.96162
5993.800000 0.95915
5994.500000 0.96309
5995.100000 0.9603
5995.700000 0.95831
5996.300000 0.96275
5997.000000 0.95863
5997.600000 0.96164
5998.200000 0.96012
5998.900000 0.96536
5999.500000 0.95942
6000.100000 0.9617
6000.800000 0.95982
6001.400000 0.95923
6002.000000 0.96232
6002.700000 0.96135
6003.300000 0.96289
6003.900000 0.95872
6004.500000 0.96131
6005.200000 0.9622
6005.800000 0.96175
6006.400000 0.95897
6007.100000 0.96272
6007.700000 0.95825
6008.300000 0.96315
6008.900000 0.96146
6009.600000 0.96361
6010.200000 0.96031
6010.800000 0.96318
6011.500000 0.95681
6012.100000 0.96053
6012.700000 0.95983
6013.300000 0.96176
6014.000000 0.96285
6014.600000 0.96084
6015.200000 0.96607
6015.800000 0.96009
6016.500000 0.96169
6017.100000 0.963
6017.700000 0.95948
6018.400000 0.9614
6019.000000 0.96315
6019.600000 0.962
6020.200000 0.96163
6020.900000 0.96186
6021.500000 0.96294
6022.100000 0.95912
6022.700000 0.95796
6023.400000 0.96049
6024.000000 0.96205
6024.600000 0.96057
6025.200000 0.95857
6025.900000 0.95993
6026.500000 0.95598
6027.100000 0.9602
6027.700000 0.9569
6028.400000 0.9603
6029.000000 0.95709
6029.600000 0.95719
6030.200000 0.9568
6030.800000 0.96112
6031.500000 0.95554
6032.100000 0.95569
6032.700000 0.95792
6033.300000 0.95363
6034.000000 0.95557
6034.600000 0.95926
6035.200000 0.95653
6035.800000 0.95661
6036.500000 0.9544
6037.100000 0.95653
6037.700000 0.95602
6038.300000 0.95467
6038.900000 0.95587
6039.600000 0.95706
6040.200000 0.9565
6040.800000 0.95164
6041.400000 0.95438
6042.000000 0.94972
6042.700000 0.95187
6043.300000 0.95267
6043.900000 0.95478
6044.500000 0.95194
6045.100000 0.95156
6045.800000 0.94613
6046.400000 0.94617
6047.000000 0.95043
6047.600000 0.94982
6048.200000 0.9473
6048.900000 0.948
6049.500000 0.94487
6050.100000 0.94607
6050.700000 0.9471
6051.300000 0.94511
6051.900000 0.94461
6052.600000 0.94659
6053.200000 0.9426
6053.800000 0.94526
6054.400000 0.9432
6055.000000 0.94286
6055.700000 0.94318
6056.300000 0.94354
6056.900000 0.942
6057.500000 0.93967
6058.100000 0.93896
6058.700000 0.94068
6059.400000 0.94168
6060.000000 0.93948
6060.600000 0.93659
6061.200000 0.93834
6061.800000 0.93972
6062.400000 0.93997
6063.000000 0.9337
6063.700000 0.93841
6064.300000 0.93374
6064.900000 0.9348
6065.500000 0.93663
6066.100000 0.93204
6066.700000 0.93207
6067.300000 0.93769
6068.000000 0.92937
6068.600000 0.93447
6069.200000 0.93261
6069.800000 0.93414
6070.400000 0.93105
6071.000000 0.93196
6071.600000 0.9295
6072.300000 0.93144
6072.900000 0.93078
6073.500000 0.93046
6074.100000 0.93128
6074.700000 0.92969
6075.300000 0.93392
6075.900000 0.92904
6076.500000 0.93058
6077.100000 0.92709
6077.800000 0.92795
6078.400000 0.92478
6079.000000 0.92634
6079.600000 0.93142
6080.200000 0.92303
6080.800000 0.92773
6081.400000 0.92673
6082.000000 0.92552
6082.600000 0.92717
6083.300000 0.92669
6083.900000 0.92814
6084.500000 0.92585
6085.100000 0.92448
6085.700000 0.92736
6086.300000 0.9277
6086.900000 0.92565
6087.500000 0.92232
6088.100000 0.92737
6088.700000 0.92528
6089.300000 0.92624
6090.000000 0.92486
6090.600000 0.92658
6091.200000 0.92741
6091.800000 0.9273
6092.400000 0.92491
6093.000000 0.92479
6093.600000 0.92668
6094.200000 0.9238
6094.800000 0.92437
6095.400000 0.92607
6096.000000 0.92186
6096.600000 0.92671
6097.200000 0.92483
6097.800000 0.92335
6098.500000 0.92609
6099.100000 0.92326
6099.700000 0.92806
6100.300000 0.92429
6100.900000 0.92725
6101.500000 0.92428
6102.100000 0.92515
6102.700000 0.92687
6103.300000 0.92732
6103.900000 0.92556
6104.500000 0.92609
6105.100000 0.92955
6105.700000 0.92703
6106.300000 0.93001
6106.900000 0.92739
6107.500000 0.92865
6108.100000 0.92875
6108.700000 0.92811
6109.300000 0.92844
6109.900000 0.93363
6110.500000 0.92876
6111.100000 0.93086
6111.700000 0.9292
6112.300000 0.93208
6112.900000 0.93332
6113.500000 0.93125
6114.100000 0.9307
6114.700000 0.93418
6115.300000 0.93436
6115.900000 0.92882
6116.600000 0.93351
6117.200000 0.93336
6117.800000 0.93285
6118.400000 0.93606
6119.000000 0.93745
6119.600000 0.93702
6120.200000 0.93778
6120.800000 0.93391
6121.400000 0.93369
6122.000000 0.93639
6122.600000 0.93491
6123.100000 0.93482
6123.700000 0.9353
6124.300000 0.93973
6124.900000 0.93928
6125.500000 0.93947
6126.100000 0.9412
6126.700000 0.93981
6127.300000 0.943
6127.900000 0.94437
6128.600000 0.94326
6129.300000 0.94653
6129.900000 0.94319
6130.600000 0.94757
6131.200000 0.9461
6131.900000 0.94659
6132.600000 0.94953
6133.200000 0.94767
6133.900000 0.94946
6134.500000 0.9481
6135.200000 0.94839
6135.800000 0.95076
6136.500000 0.95071
6137.100000 0.94879
6137.800000 0.95226
6138.500000 0.95288
6139.100000 0.95068
6139.800000 0.95187
6140.400000 0.95565
6141.100000 0.95232
6141.700000 0.95444
6142.400000 0.9543
6143.100000 0.95479
6143.700000 0.95011
6144.400000 0.95037
6145.000000 0.95384
6145.700000 0.95718
6146.300000 0.95477
6147.000000 0.95382
6147.600000 0.95504
6148.300000 0.95814
6149.000000 0.95447
6149.600000 0.9574
6150.300000 0.95897
6150.900000 0.9541
6151.600000 0.9546
6152.200000 0.95675
6152.900000 0.96081
6153.500000 0.95764
6154.200000 0.95498
6154.800000 0.95794
6155.500000 0.95761
6156.200000 0.96113
6156.800000 0.96188
6157.500000 0.95839
6158.100000 0.96118
6158.800000 0.9611
6159.400000 0.96097
6160.100000 0.96007
6160.700000 0.95937
6161.400000 0.96146
6162.000000 0.95963
6162.700000 0.9624
6163.300000 0.96067
6164.000000 0.96336
6164.600000 0.9627
6165.300000 0.95797
6165.900000 0.96053
6166.600000 0.95867
6167.300000 0.96187
6167.900000 0.96271
6168.600000 0.96356
6169.200000 0.9616
6169.900000 0.96311
6170.500000 0.96239
6171.200000 0.96312
6171.800000 0.96231
6172.500000 0.9604
6173.100000 0.96282
6173.800000 0.96186
6174.400000 0.96311
6175.100000 0.96236
6175.700000 0.96172
6176.400000 0.96485
6177.000000 0.96492
6177.700000 0.96296
6178.300000 0.96208
6179.000000 0.95985
6179.600000 0.96462
6180.300000 0.96341
6180.900000 0.96317
6181.600000 0.96409
6182.200000 0.96258
6182.900000 0.96363
6183.500000 0.95755
6184.200000 0.96309
6184.800000 0.96088
6185.500000 0.96013
6186.100000 0.96141
6186.800000 0.95995
6187.400000 0.96418
6188.100000 0.96152
6188.700000 0.9599
6189.400000 0.96392
6190.000000 0.95855
6190.700000 0.9612
6191.300000 0.96309
6192.000000 0.96185
6192.600000 0.95902
6193.300000 0.9573
6193.900000 0.95889
6194.600000 0.95669
6195.200000 0.9586
6195.900000 0.95959
6196.500000 0.96106
6197.200000 0.95746
6197.800000 0.95602
6198.500000 0.95936
6199.100000 0.96017
6199.800000 0.95936
6200.400000 0.95896
6201.100000 0.95755
6201.700000 0.95886
6202.300000 0.95412
6203.000000 0.95759
6203.600000 0.95751
6204.300000 0.95856
6204.900000 0.95923
6205.600000 0.95641
6206.200000 0.95501
6206.900000 0.95601
6207.500000 0.9546
6208.200000 0.95229
6208.800000 0.95298
6209.500000 0.9522
6210.100000 0.95678
6210.800000 0.95789
6211.400000 0.95571
6212.000000 0.95049
6212.700000 0.95709
6213.300000 0.95088
6214.000000 0.9515
6214.600000 0.95176
6215.300000 0.95391
6215.900000 0.95034
6216.600000 0.95074
6217.200000 0.94776
6217.900000 0.94697
6218.500000 0.94896
6219.100000 0.94908
6219.800000 0.94968
6220.400000 0.95348
6221.100000 0.94786
6221.700000 0.94254
6222.400000 0.94859
6223.000000 0.93987
6223.700000 0.94597
6224.300000 0.94538
6224.900000 0.9438
6225.600000 0.94496
6226.200000 0.94291
6226.900000 0.94441
6227.500000 0.94605
6228.200000 0.941
6228.800000 0.94244
6229.400000 0.9396
6230.100000 0.9393
6230.700000 0.93998
6231.400000 0.9356
6232.000000 0.93982
6232.700000 0.93346
6233.300000 0.9353
6233.900000 0.93598
6234.600000 0.93851
6235.200000 0.9378
6235.900000 0.93858
6236.500000 0.93561
6237.200000 0.93525
6237.800000 0.93298
6238.400000 0.93178
6239.100000 0.92845
6239.700000 0.93255
6240.400000 0.92672
6241.000000 0.92865
6241.600000 0.93411
6242.300000 0.93286
6242.900000 0.93209
6243.600000 0.92608
6244.200000 0.92952
6244.900000 0.9274
6245.500000 0.92522
6246.100000 0.92682
6246.800000 0.92357
6247.400000 0.92686
6248.100000 0.92479
6248.700000 0.9235
6249.300000 0.92213
6250.000000 0.9211
6250.600000 0.9208
6251.300000 0.91885
6251.900000 0.9212
6252.500000 0.92405
6253.200000 0.92211
6253.800000 0.91857
6254.500000 0.91621
6255.100000 0.91472
6255.700000 0.91645
6256.400000 0.91421
6257.000000 0.91471
6257.600000 0.91484
6258.300000 0.91485
6258.900000 0.91203
6259.600000 0.91174
6260.200000 0.91228
6260.800000 0.91281
6261.500000 0.91361
6262.100000 0.91032
6262.700000 0.90931
6263.400000 0.912
6264.000000 0.90746
6264.700000 0.90901
6265.300000 0.90811
6265.900000 0.90353
6266.600000 0.90535
6267.200000 0.90601
6267.800000 0.9037
6268.500000 0.90502
6269.100000 0.904
6269.800000 0.90076
6270.400000 0.90585
6271.000000 0.90156
6271.700000 0.90844
6272.300000 0.90681
6272.900000 0.90342
6273.600000 0.9008
6274.200000 0.89842
6274.800000 0.90172
6275.500000 0.90337
6276.100000 0.89998
6276.800000 0.9018
6277.400000 0.9027
6278.000000 0.89898
6278.700000 0.89859
6279.300000 0.90069
6279.900000 0.89873
6280.600000 0.89436
6281.200000 0.90064
6281.800000 0.89976
6282.500000 0.89671
6283.100000 0.89691
6283.700000 0.90037
6284.400000 0.89518
6285.000000 0.89721
6285.600000 0.89909
6286.300000 0.90029
6286.900000 0.89706
6287.500000 0.89836
6288.200000 0.89744
6288.800000 0.8961
6289.400000 0.89435
6290.100000 0.89831
6290.700000 0.89433
6291.300000 0.89632
6292.000000 0.89573
6292.600000 0.8977
6293.200000 0.89599
6293.900000 0.89849
6294.500000 0.89601
6295.100000 0.89456
6295.800000 0.89638
6296.400000 0.89615
6297.000000 0.89822
6297.700000 0.89735
6298.300000 0.89693
6298.900000 0.89709
6299.600000 0.89707
6300.200000 0.89759
6300.800000 0.89717
6301.400000 0.8967
6302.100000 0.89598
6302.700000 0.89692
6303.300000 0.90038
6304.000000 0.89966
6304.600000 0.89674
6305.200000 0.89873
6305.900000 0.89847
6306.500000 0.89587
6307.100000 0.89895
6307.700000 0.89958
6308.400000 0.89932
6309.000000 0.89828
6309.600000 0.90228
6310.300000 0.90135
6310.900000 0.90169
6311.500000 0.90373
6312.200000 0.90517
6312.800000 0.9006
6313.400000 0.90251
6314.000000 0.90238
6314.700000 0.90233
6315.300000 0.90137
6315.900000 0.9035
6316.600000 0.90392
6317.200000 0.90781
6317.800000 0.90434
6318.400000 0.90309
6319.100000 0.90804
6319.700000 0.90794
6320.300000 0.90615
6320.900000 0.90422
6321.600000 0.90782
6322.200000 0.90718
6322.800000 0.90847
6323.500000 0.90933
6324.100000 0.90922
6324.700000 0.90878
6325.300000 0.90706
6326.000000 0.91072
6326.600000 0.9102
6327.200000 0.91081
6327.800000 0.90978
6328.500000 0.91252
6329.100000 0.91482
6329.700000 0.91375
6330.300000 0.91269
6331.000000 0.91539
6331.600000 0.91677
6332.200000 0.91899
6332.800000 0.91895
6333.500000 0.9187
6334.100000 0.92027
6334.700000 0.91679
6335.300000 0.92114
6336.000000 0.91861
6336.600000 0.92092
6337.200000 0.92038
6337.800000 0.92132
6338.500000 0.92184
6339.100000 0.92375
6339.700000 0.92388
6340.300000 0.92786
6341.000000 0.91993
6341.600000 0.92672
6342.200000 0.92496
6342.800000 0.92824
6343.500000 0.92352
6344.100000 0.92516
6344.700000 0.92561
6345.300000 0.92563
6346.000000 0.92603
6346.600000 0.92646
6347.200000 0.92757
6347.800000 0.92991
6348.400000 0.93334
6349.100000 0.93395
6349.700000 0.93145
6350.300000 0.93269
6350.900000 0.9308
6351.500000 0.93235
6352.200000 0.94934
6352.800000 0.93154
6353.400000 0.93356
6354.000000 0.935
6354.700000 0.93493
6355.300000 0.93597
6355.900000 0.93183
6356.500000 0.93433
6357.100000 0.93239
6357.800000 0.93396
6358.400000 0.93689
6359.000000 0.9348
6359.600000 0.93969
6360.200000 0.93368
6360.900000 0.93982
6361.500000 0.94081
6362.100000 0.9402
6362.700000 0.93823
6363.300000 0.9399
6364.000000 0.94008
6364.600000 0.94115
6365.200000 0.93972
6365.800000 0.93674
6366.400000 0.94337
6367.100000 0.94243
6367.700000 0.94118
6368.300000 0.94431
6368.900000 0.94132
6369.500000 0.94499
6370.100000 0.94239
6370.800000 0.94498
6371.400000 0.94669
6372.000000 0.94453
6372.600000 0.94448
6373.200000 0.94618
6373.800000 0.9475
6374.500000 0.94359
6375.100000 0.94339
6375.700000 0.94538
6376.300000 0.94266
6376.900000 0.94644
6377.500000 0.94629
6378.200000 0.94708
6378.800000 0.94668
6379.400000 0.94479
6380.000000 0.94918
6380.600000 0.9471
6381.200000 0.94586
6381.900000 0.94441
6382.500000 0.94661
6383.100000 0.94744
6383.700000 0.94723
6384.300000 0.94882
6384.900000 0.94939
6385.500000 0.94444
6386.200000 0.94746
6386.800000 0.94601
6387.400000 0.94666
6388.000000 0.94888
6388.600000 0.94842
6389.200000 0.94621
6389.800000 0.94912
6390.700000 0.94986
6391.400000 0.95035
6392.000000 0.94673
6392.600000 0.94459
6393.300000 0.94694
6393.900000 0.95139
6394.500000 0.95076
6395.200000 0.94454
6395.800000 0.94924
6396.400000 0.94983
6397.100000 0.94897
6397.700000 0.94883
6398.300000 0.9463
6399.000000 0.94989
6399.600000 0.9506
6400.200000 0.94881
6400.900000 0.95036
6401.500000 0.94503
6402.100000 0.94969
6402.800000 0.95137
6403.400000 0.9458
6404.000000 0.94509
6404.700000 0.94877
6405.300000 0.9435
6405.900000 0.94829
6406.500000 0.94627
6407.200000 0.94538
6407.800000 0.9494
6408.400000 0.94542
6409.100000 0.94616
6409.700000 0.94425
6410.300000 0.94686
6411.000000 0.947
6411.600000 0.9473
6412.200000 0.94921
6412.900000 0.95028
6413.500000 0.94857
6414.100000 0.9475
6414.700000 0.94903
6415.400000 0.94556
6416.000000 0.94542
6416.600000 0.94716
6417.300000 0.94576
6417.900000 0.94727
6418.500000 0.94514
6419.100000 0.94699
6419.800000 0.9476
6420.400000 0.9474
6421.000000 0.94611
6421.700000 0.94735
6422.300000 0.9489
6422.900000 0.94862
6423.500000 0.94724
6424.200000 0.952
6424.800000 0.94524
6425.400000 0.94867
6426.100000 0.94484
6426.700000 0.94817
6427.300000 0.94423
6427.900000 0.95059
6428.600000 0.94912
6429.200000 0.94705
6429.800000 0.94913
6430.400000 0.94724
6431.100000 0.94768
6431.700000 0.94768
6432.300000 0.94996
6433.000000 0.94681
6433.600000 0.94539
6434.200000 0.95042
6434.800000 0.94888
6435.500000 0.94744
6436.100000 0.95034
6436.700000 0.94746
6437.300000 0.95057
6438.000000 0.95038
6438.600000 0.94745
6439.200000 0.94918
6439.800000 0.95148
6440.500000 0.95398
6441.100000 0.94964
6441.700000 0.95097
6442.300000 0.94888
6443.000000 0.94825
6443.600000 0.94925
6444.200000 0.95149
6444.800000 0.94844
6445.500000 0.94851
6446.100000 0.95222
6446.700000 0.94897
6447.300000 0.95012
6448.000000 0.94939
6448.600000 0.95305
6449.200000 0.95047
6449.800000 0.95323
6450.500000 0.94885
6451.100000 0.95234
6451.700000 0.95443
6452.300000 0.94927
6453.000000 0.95561
6453.600000 0.94782
6454.200000 0.95183
6454.800000 0.95202
6455.500000 0.95285
6456.100000 0.95465
6456.700000 0.9526
6457.300000 0.95434
6457.900000 0.95465
6458.600000 0.95654
6459.200000 0.952
6459.800000 0.95341
6460.400000 0.95261
6461.100000 0.95239
6461.700000 0.95511
6462.300000 0.95389
6462.900000 0.95721
6463.500000 0.95654
6464.200000 0.95452
6464.800000 0.95546
6465.400000 0.9534
6466.000000 0.95444
6466.700000 0.95709
6467.300000 0.95483
6467.900000 0.95377
6468.500000 0.95537
6469.100000 0.95687
6469.800000 0.95538
6470.400000 0.95643
6471.000000 0.95841
6471.600000 0.95641
6472.200000 0.95677
6472.900000 0.9551
6473.500000 0.95657
6474.100000 0.95683
6474.700000 0.95557
6475.300000 0.9562
6476.000000 0.95463
6476.600000 0.95383
6477.200000 0.9624
6477.800000 0.96021
6478.400000 0.961
6479.100000 0.95785
6479.700000 0.9615
6480.300000 0.96058
6480.900000 0.96369
6481.500000 0.95864
6482.200000 0.95701
6482.800000 0.95869
6483.400000 0.95966
6484.000000 0.95941
6484.600000 0.96072
6485.200000 0.95939
6485.900000 0.96348
6486.500000 0.96202
6487.100000 0.96141
6487.700000 0.96089
6488.300000 0.95921
6489.000000 0.95826
6489.600000 0.96166
6490.200000 0.96479
6490.800000 0.96229
6491.400000 0.96093
6492.000000 0.96312
6492.700000 0.96306
6493.300000 0.96227
6493.900000 0.96241
6494.500000 0.96011
6495.100000 0.96449
6495.700000 0.96273
6496.400000 0.96107
6497.000000 0.95852
6497.600000 0.96273
6498.200000 0.96181
6498.800000 0.96348
6499.400000 0.9617
6500.000000 0.96312
6500.700000 0.96415
6501.300000 0.95922
6501.900000 0.95972
6502.500000 0.96467
6503.100000 0.96658
6503.700000 0.96293
6504.400000 0.96487
6505.000000 0.965
6505.600000 0.96623
6506.200000 0.96383
6506.800000 0.96539
6507.400000 0.96103
6508.000000 0.96427
6508.700000 0.96156
6509.300000 0.96269
6509.900000 0.96027
6510.500000 0.96579
6511.100000 0.96314
6511.700000 0.96413
6512.300000 0.96595
6512.900000 0.96141
6513.600000 0.96263
6514.200000 0.96507
6514.800000 0.96404
6515.400000 0.96348
6516.000000 0.96223
6516.600000 0.96534
6517.200000 0.96829
6517.900000 0.96293
6518.500000 0.96208
6519.100000 0.96282
6519.700000 0.96427
6520.300000 0.96549
6520.900000 0.96302
6521.500000 0.9611
6522.100000 0.96558
6522.700000 0.96266
6523.400000 0.96067
6524.000000 0.96155
6524.600000 0.96358
6525.200000 0.96496
6525.800000 0.9655
6526.400000 0.96191
6527.000000 0.96713
6527.600000 0.96182
6528.200000 0.96371
6528.900000 0.96108
6529.500000 0.96375
6530.100000 0.96421
6530.700000 0.96713
6531.300000 0.96414
6531.900000 0.96206
6532.500000 0.96229
6533.100000 0.96676
6533.700000 0.96408
6534.300000 0.96038
6535.000000 0.96293
6535.600000 0.96027
6536.200000 0.96492
6536.800000 0.96301
6537.400000 0.96548
6538.000000 0.9661
6538.600000 0.96686
6539.200000 0.96629
6539.800000 0.95953
6540.400000 0.96329
6541.000000 0.96581
6541.600000 0.96644
6542.300000 0.96207
6542.900000 0.9649
6543.500000 0.96401
6544.100000 0.96576
6544.700000 0.96621
6545.300000 0.96656
6545.900000 0.96539
6546.500000 0.95949
6547.100000 0.96575
6547.700000 0.9649
6548.300000 0.96603
6548.900000 0.96742
6549.500000 0.96508
6550.100000 0.96768
6550.700000 0.96455
6551.400000 0.96432
6552.000000 0.9639
6552.600000 0.96283
6553.200000 0.9652
6553.800000 0.96613
6554.400000 0.96712
6555.000000 0.96459
6555.600000 0.95939
6556.200000 0.96559
6556.800000 0.96348
6557.400000 0.96557
6558.000000 0.96608
6558.600000 0.96378
6559.200000 0.96657
6559.800000 0.96267
6560.400000 0.96479
6561.000000 0.964
6561.600000 0.9639
6562.200000 0.9639
6562.800000 0.96692
6563.400000 0.96566
6564.100000 0.96462
6564.700000 0.96377
6565.300000 0.96289
6565.900000 0.96257
6566.500000 0.96462
6567.100000 0.96335
6567.700000 0.9655
6568.300000 0.96077
6568.900000 0.9655
6569.500000 0.96429
6570.100000 0.96766
6570.700000 0.96698
6571.300000 0.96708
6571.900000 0.96496
6572.500000 0.96861
6573.100000 0.96657
6573.700000 0.96816
6574.300000 0.96665
6574.900000 0.96551
6575.500000 0.96358
6576.100000 0.96853
6576.700000 0.96673
6577.300000 0.965
6577.900000 0.96337
6578.500000 0.96575
6579.100000 0.96463
6579.700000 0.96817
6580.300000 0.96583
6580.900000 0.96482
6581.500000 0.96762
6582.100000 0.96504
6582.700000 0.96879
6583.300000 0.96422
6583.900000 0.96693
6584.500000 0.96704
6585.100000 0.96481
6585.700000 0.96627
6586.300000 0.9657
6586.900000 0.96707
6587.500000 0.96768
6588.100000 0.96637
6588.700000 0.96805
6589.300000 0.96639
6589.900000 0.96661
6590.500000 0.9677
6591.100000 0.96829
6591.700000 0.96787
6592.300000 0.96563
6592.900000 0.96406
6593.500000 0.96533
6594.100000 0.96599
6594.700000 0.96592
6595.300000 0.96147
6595.900000 0.96399
6596.500000 0.96563
6597.100000 0.96809
6597.700000 0.96975
6598.200000 0.96419
6598.800000 0.96674
6599.400000 0.96452
6600.000000 0.96557
6600.600000 0.96875
6601.200000 0.96399
6601.800000 0.96606
6602.400000 0.96548
6603.000000 0.96995
6603.600000 0.96465
6604.200000 0.96556
6604.800000 0.9675
6605.400000 0.96698
6606.000000 0.96522
6606.600000 0.96682
6607.200000 0.96485
6607.800000 0.96411
6608.400000 0.96535
6609.000000 0.96571
6609.600000 0.96777
6610.200000 0.96081
6610.700000 0.96548
6611.300000 0.96747
6611.900000 0.96336
6612.500000 0.96476
6613.100000 0.96543
6613.700000 0.96671
6614.300000 0.9631
6614.900000 0.96492
6615.500000 0.96312
6616.100000 0.96505
6616.700000 0.96546
6617.300000 0.96686
6617.900000 0.96425
6618.500000 0.96569
6619.000000 0.96518
6619.600000 0.96475
6620.200000 0.96237
6620.800000 0.96655
6621.400000 0.96243
6622.000000 0.96257
6622.600000 0.9639
6623.200000 0.96361
6623.800000 0.9639
6624.400000 0.9626
6625.000000 0.96232
6625.600000 0.96541
6626.100000 0.96629
6626.700000 0.96615
6627.300000 0.96809
6627.900000 0.9656
6628.500000 0.96715
6629.100000 0.96502
6629.700000 0.96457
6630.300000 0.96468
6630.900000 0.96523
6631.400000 0.96444
6632.000000 0.96363
6632.600000 0.96328
6633.200000 0.96433
6633.800000 0.96136
6634.400000 0.96593
6635.000000 0.96474
6635.600000 0.96309
6636.200000 0.96462
6636.700000 0.96327
6637.300000 0.96441
6637.900000 0.96228
6638.500000 0.96313
6639.100000 0.96076
6639.700000 0.96369
6640.300000 0.96298
6640.900000 0.96542
6641.400000 0.96413
6642.000000 0.96345
6642.600000 0.96192
6643.200000 0.95968
6643.800000 0.96407
6644.400000 0.96475
6645.000000 0.96619
6645.600000 0.96277
6646.100000 0.96483
6646.700000 0.96048
6647.300000 0.9619
6647.900000 0.96669
6648.500000 0.96199
6649.100000 0.96325
6649.700000 0.96266
6650.200000 0.96156
6650.800000 0.96436
6651.400000 0.96356
6652.000000 0.95953
6652.600000 0.95958
6653.200000 0.96203
6653.700000 0.96216
6654.300000 0.9646
6654.900000 0.96193
6655.500000 0.96257
6656.100000 0.96654
6656.700000 0.96046
6657.200000 0.96557
6657.800000 0.9602
6658.400000 0.96257
6659.000000 0.9626
6659.600000 0.96404
6660.200000 0.96171
6660.700000 0.96302
6661.300000 0.96092
6661.900000 0.96335
6662.500000 0.96206
6663.100000 0.96343
6663.700000 0.96037
6664.200000 0.96132
6664.800000 0.96032
6665.400000 0.95882
6666.000000 0.96334
6666.600000 0.95901
6667.100000 0.96686
6667.700000 0.96285
6668.300000 0.96147
6668.900000 0.96041
6669.500000 0.95975
6670.000000 0.96374
6670.600000 0.96308
6671.200000 0.96621
6671.800000 0.96277
6672.400000 0.96302
6672.900000 0.96375
6673.500000 0.96504
6674.100000 0.96079
6674.700000 0.96243
6675.300000 0.96244
6675.800000 0.96348
6676.400000 0.96181
6677.000000 0.96344
6677.600000 0.96406
6678.200000 0.95865
6678.700000 0.9599
6679.300000 0.96322
6679.900000 0.96386
6680.500000 0.96452
6681.000000 0.96125
6681.600000 0.96681
6682.200000 0.9617
6682.800000 0.9618
6683.400000 0.96376
6683.900000 0.95931
6684.500000 0.96295
6685.100000 0.95996
6685.700000 0.96336
6686.200000 0.9624
6686.800000 0.96362
6687.400000 0.96294
6688.000000 0.96209
6688.500000 0.96221
6689.100000 0.96244
6689.700000 0.96081
6690.300000 0.96676
6690.800000 0.96192
6691.400000 0.96681
6692.000000 0.96152
6692.600000 0.96079
6693.100000 0.96824
6693.700000 0.96277
6694.300000 0.9619
6694.900000 0.96055
6695.400000 0.96053
6696.000000 0.96529
6696.600000 0.96348
6697.200000 0.96619
6697.700000 0.96298
6698.300000 0.96152
6698.900000 0.96493
6699.500000 0.96305
6700.000000 0.96247
6700.600000 0.96458
6701.200000 0.96483
6701.800000 0.96639
6702.300000 0.9615
6702.900000 0.96356
6703.500000 0.96172
6704.000000 0.9655
6704.600000 0.96366
6705.200000 0.96593
6705.800000 0.96615
6706.300000 0.96416
6706.900000 0.96696
6707.500000 0.96237
6708.000000 0.96131
6708.600000 0.96483
6709.200000 0.96589
6709.800000 0.96508
6710.300000 0.96404
6710.900000 0.96613
6711.500000 0.96298
6712.000000 0.96401
6712.600000 0.96188
6713.200000 0.96224
6713.700000 0.9646
6714.300000 0.96307
6714.900000 0.96621
6715.500000 0.9664
6716.000000 0.9608
6716.600000 0.96621
6717.200000 0.96195
6717.700000 0.96556
6718.300000 0.96539
6718.900000 0.95993
6719.400000 0.96466
6720.000000 0.96355
6720.600000 0.96426
6721.100000 0.96329
6721.700000 0.9632
6722.300000 0.96275
6722.800000 0.96301
6723.400000 0.96279
6724.000000 0.96415
6724.500000 0.96264
6725.100000 0.96338
6725.700000 0.9595
6726.200000 0.96235
6726.800000 0.96453
6727.400000 0.96116
6727.900000 0.9617
6728.500000 0.96355
6729.100000 0.96647
6729.600000 0.96343
6730.200000 0.96556
6730.800000 0.96334
6731.300000 0.95939
6731.900000 0.96183
6732.500000 0.96137
6733.000000 0.96463
6733.600000 0.96045
6734.200000 0.96187
6734.700000 0.96169
6735.300000 0.96067
6735.800000 0.9596
6736.400000 0.9592
6737.000000 0.95864
6737.500000 0.96297
6738.100000 0.95936
6738.700000 0.96194
6739.200000 0.96024
6739.800000 0.95914
6740.400000 0.95899
6740.900000 0.96278
6741.500000 0.96046
6742.000000 0.95878
6742.600000 0.96094
6743.200000 0.9577
6743.700000 0.96182
6744.300000 0.96363
6744.800000 0.96503
6745.400000 0.96023
6746.000000 0.95669
6746.500000 0.96119
6747.100000 0.95932
6747.700000 0.95953
6748.200000 0.96111
6748.800000 0.95886
6749.300000 0.96095
6749.900000 0.95755
6750.500000 0.96044
6751.000000 0.95923
6751.600000 0.95911
6752.100000 0.95973
6752.700000 0.95864
6753.300000 0.95545
6753.800000 0.95773
6754.400000 0.96044
6754.900000 0.95783
6755.500000 0.95993
6756.000000 0.95549
6756.600000 0.95913
6757.200000 0.95845
6757.700000 0.95742
6758.300000 0.95586
6758.800000 0.95757
6759.400000 0.9605
6760.000000 0.95612
6760.500000 0.96079
6761.100000 0.95485
6761.600000 0.95712
6762.200000 0.95895
6762.700000 0.95813
6763.300000 0.95747
6763.900000 0.96139
6764.400000 0.95508
6765.000000 0.95975
6765.500000 0.95265
6766.100000 0.95606
6766.600000 0.95716
6767.200000 0.9542
6767.700000 0.95791
6768.300000 0.95648
6768.900000 0.95518
6769.400000 0.95387
6770.000000 0.95673
6770.500000 0.95585
6771.100000 0.95674
6771.600000 0.9557
6772.200000 0.95474
6772.700000 0.95627
6773.300000 0.95725
6773.800000 0.95601
6774.400000 0.95748
6774.900000 0.95502
6775.500000 0.95571
6776.100000 0.95386
6776.600000 0.95761
6777.200000 0.95324
6777.700000 0.95343
6778.300000 0.95321
6778.800000 0.95415
6779.400000 0.95398
6779.900000 0.95229
6780.500000 0.9553
6781.000000 0.95161
6781.600000 0.95557
6782.100000 0.96023
6782.700000 0.95358
6783.200000 0.95569
6783.800000 0.95172
6784.300000 0.95567
6784.900000 0.95303
6785.400000 0.95202
6786.000000 0.95153
6786.500000 0.95623
6787.100000 0.95394
6787.600000 0.95654
6788.200000 0.95271
6788.700000 0.95284
6789.300000 0.95353
6789.800000 0.95325
6790.400000 0.95197
6790.900000 0.95448
6791.500000 0.95467
6792.000000 0.95543
6792.600000 0.95415
6793.100000 0.95328
6793.700000 0.95267
6794.200000 0.95304
6794.800000 0.95274
6795.300000 0.95004
6795.900000 0.94997
6796.400000 0.95416
6796.900000 0.95567
6797.500000 0.95201
6798.000000 0.95172
6798.600000 0.95264
6799.100000 0.95498
6799.700000 0.95282
6800.200000 0.95301
6800.800000 0.95254
6801.300000 0.95376
6801.900000 0.95189
6802.400000 0.95349
6803.000000 0.95729
6803.500000 0.95254
6804.000000 0.95234
6804.600000 0.95639
6805.100000 0.95247
6805.700000 0.9533
6806.200000 0.95156
6806.800000 0.95525
6807.300000 0.95099
6807.900000 0.9515
6808.400000 0.95375
6808.900000 0.95513
6809.500000 0.95106
6810.000000 0.95143
6810.600000 0.95394
6811.100000 0.95682
6811.700000 0.94984
6812.200000 0.95569
6812.700000 0.95563
6813.300000 0.95469
6813.800000 0.95816
6814.400000 0.95288
6814.900000 0.95458
6815.400000 0.95036
6816.000000 0.95441
6816.500000 0.9539
6817.100000 0.95228
6817.600000 0.95602
6818.200000 0.9536
6818.700000 0.9532
6819.200000 0.95667
6819.800000 0.95492
6820.300000 0.95439
6820.900000 0.9548
6821.400000 0.95367
6821.900000 0.95429
6822.500000 0.95354
6823.000000 0.95534
6823.600000 0.9529
6824.100000 0.95652
6824.600000 0.95309
6825.200000 0.95468
6825.700000 0.95436
6826.200000 0.95485
6826.800000 0.95935
6827.300000 0.95549
6827.900000 0.95241
6828.400000 0.95483
6828.900000 0.95364
6829.500000 0.95543
6830.000000 0.95703
6830.500000 0.95605
6831.100000 0.95699
6831.600000 0.95594
6832.200000 0.95443
6832.700000 0.95474
6833.200000 0.95479
6833.800000 0.95714
6834.300000 0.95779
6834.800000 0.95332
6835.400000 0.95565
6835.900000 0.95604
6836.400000 0.95623
6837.000000 0.95609
6837.500000 0.95643
6838.000000 0.95655
6838.600000 0.9578
6839.100000 0.9595
6839.600000 0.9565
6840.200000 0.95369
6840.700000 0.95726
6841.300000 0.95471
6841.800000 0.96119
6842.300000 0.95787
6842.900000 0.96225
6843.400000 0.96026
6843.900000 0.95701
6844.400000 0.95697
6845.000000 0.95793
6845.500000 0.96
6846.000000 0.96007
6846.600000 0.95923
6847.100000 0.95794
6847.600000 0.95752
6848.200000 0.96141
6848.700000 0.95953
6849.200000 0.9607
6849.800000 0.95798
6850.300000 0.96316
6850.800000 0.95939
6851.400000 0.95832
6851.900000 0.9561
6852.400000 0.95796
6852.900000 0.96017
6853.500000 0.95913
6854.000000 0.9633
6854.500000 0.96445
6855.100000 0.96181
6855.600000 0.95874
6856.100000 0.96236
6856.700000 0.96024
6857.200000 0.95914
6857.700000 0.95791
6858.200000 0.95939
6858.800000 0.96055
6859.300000 0.95937
6859.800000 0.95814
6860.400000 0.96088
6860.900000 0.9624
6861.400000 0.96222
6861.900000 0.95869
6862.500000 0.96628
6863.000000 0.95909
6863.500000 0.96095
6864.000000 0.95871
6864.600000 0.96312
6865.100000 0.96306
6865.600000 0.96178
6866.100000 0.96463
6866.500000 0.96001
6867.100000 0.96245
6867.700000 0.95967
6868.300000 0.96226
6868.900000 0.96338
6869.400000 0.96299
6870.000000 0.96038
6870.600000 0.96119
6871.200000 0.9596
6871.800000 0.95999
6872.400000 0.96169
6872.900000 0.96213
6873.500000 0.96123
6874.100000 0.96322
6874.700000 0.9633
6875.300000 0.96448
6875.900000 0.96084
6876.400000 0.96437
6877.000000 0.96315
6877.600000 0.96312
6878.200000 0.96064
6878.800000 0.96354
6879.400000 0.96751
6879.900000 0.96445
6880.500000 0.95871
6881.100000 0.96208
6881.700000 0.96431
6882.300000 0.961
6882.900000 0.96585
6883.400000 0.96561
6884.000000 0.96057
6884.600000 0.96327
6885.200000 0.96316
6885.800000 0.96519
6886.400000 0.96403
6886.900000 0.96417
6887.500000 0.96454
6888.100000 0.96311
6888.700000 0.96215
6889.300000 0.96479
6889.800000 0.96358
6890.400000 0.96636
6891.000000 0.9656
6891.600000 0.96257
6892.200000 0.9615
6892.800000 0.96439
6893.300000 0.96521
6893.900000 0.96648
6894.500000 0.96132
6895.100000 0.96352
6895.700000 0.96845
6896.200000 0.9614
6896.800000 0.96552
6897.400000 0.96348
6898.000000 0.96501
6898.600000 0.96485
6899.100000 0.9662
6899.700000 0.96407
6900.300000 0.96467
6900.900000 0.96936
6901.400000 0.9667
6902.000000 0.96456
6902.600000 0.96457
6903.200000 0.97089
6903.800000 0.96309
6904.300000 0.9663
6904.900000 0.96447
6905.500000 0.96675
6906.100000 0.96391
6906.700000 0.9638
6907.200000 0.96729
6907.800000 0.96767
6908.400000 0.96714
6909.000000 0.96938
6909.500000 0.96436
6910.100000 0.96639
6910.700000 0.96699
6911.300000 0.96833
6911.900000 0.96714
6912.400000 0.96685
6913.000000 0.96759
6913.600000 0.96551
6914.200000 0.96616
6914.700000 0.96719
6915.300000 0.96714
6915.900000 0.96427
6916.500000 0.96696
6917.000000 0.96559
6917.600000 0.96118
6918.200000 0.96848
6918.800000 0.96638
6919.300000 0.9675
6919.900000 0.96625
6920.500000 0.97056
6921.100000 0.96921
6921.600000 0.96929
6922.200000 0.96728
6922.800000 0.96698
6923.400000 0.97272
6923.900000 0.96582
6924.500000 0.96711
6925.100000 0.9683
6925.700000 0.96754
6926.200000 0.97013
6926.800000 0.96656
6927.400000 0.96613
6928.000000 0.96621
6928.500000 0.96393
6929.100000 0.96638
6929.700000 0.96617
6930.300000 0.9663
6930.800000 0.96695
6931.400000 0.96863
6932.000000 0.96899
6932.600000 0.96703
6933.100000 0.96737
6933.700000 0.96409
6934.300000 0.96877
6934.800000 0.96474
6935.400000 0.96925
6936.000000 0.97085
6936.600000 0.96835
6937.100000 0.96641
6937.700000 0.96692
6938.300000 0.96836
6938.900000 0.96748
6939.400000 0.96288
6940.000000 0.96967
6940.600000 0.96819
6941.100000 0.96737
6941.700000 0.96484
6942.300000 0.96733
6942.900000 0.96902
6943.400000 0.9641
6944.000000 0.96466
6944.600000 0.9667
6945.100000 0.96267
6945.700000 0.96511
6946.300000 0.96567
6946.800000 0.96564
6947.400000 0.96713
6948.000000 0.96591
6948.600000 0.96608
6949.100000 0.96726
6949.700000 0.97075
6950.300000 0.96624
6950.800000 0.96738
6951.400000 0.96828
6952.000000 0.96748
6952.500000 0.96771
6953.100000 0.96411
6953.700000 0.96702
6954.300000 0.967
6954.800000 0.9658
6955.400000 0.96386
6956.000000 0.96192
6956.500000 0.96586
6957.100000 0.96939
6957.700000 0.9703
6958.200000 0.96643
6958.800000 0.96794
6959.400000 0.96949
6959.900000 0.96525
6960.500000 0.96494
6961.100000 0.96613
6961.600000 0.96653
6962.200000 0.96674
6962.800000 0.96459
6963.300000 0.96401
6963.900000 0.96687
6964.500000 0.96643
6965.000000 0.97045
6965.600000 0.96694
6966.200000 0.96779
6966.700000 0.96485
6967.300000 0.96884
6967.900000 0.96695
6968.400000 0.96883
6969.000000 0.96302
6969.600000 0.96732
6970.100000 0.96382
6970.700000 0.96386
6971.300000 0.96744
6971.800000 0.96584
6972.400000 0.96633
6973.000000 0.96686
6973.500000 0.97077
6974.100000 0.96235
6974.600000 0.96727
6975.200000 0.96681
6975.800000 0.96536
6976.300000 0.96481
6976.900000 0.96537
6977.500000 0.96103
6978.000000 0.9647
6978.600000 0.96514
6979.200000 0.96495
6979.700000 0.96452
6980.300000 0.96856
6980.800000 0.96641
6981.400000 0.96641
6982.000000 0.96522
6982.500000 0.96654
6983.100000 0.96628
6983.700000 0.96577
6984.200000 0.96443
6984.800000 0.96558
6985.300000 0.9631
6985.900000 0.96449
6986.500000 0.96417
6987.000000 0.96726
6987.600000 0.9659
6988.200000 0.96623
6988.700000 0.9659
6989.300000 0.96769
6989.800000 0.96707
6990.400000 0.9653
6991.000000 0.96591
6991.500000 0.96727
6992.100000 0.96645
6992.600000 0.9665
6993.200000 0.96642
6993.800000 0.96466
6994.300000 0.96665
6994.900000 0.96235
6995.400000 0.96697
6996.000000 0.96473
6996.600000 0.96611
6997.100000 0.9626
6997.700000 0.96781
6998.200000 0.96343
6998.800000 0.96337
6999.400000 0.96637
6999.900000 0.968
7000.500000 0.96481
7001.000000 0.96656
7001.600000 0.96319
7002.200000 0.9634
7002.700000 0.96293
7003.300000 0.966
7003.800000 0.968
7004.400000 0.9632
7004.900000 0.96509
7005.500000 0.96628
7006.100000 0.96831
7006.600000 0.96191
7007.200000 0.96595
7007.700000 0.96177
7008.300000 0.96247
7008.800000 0.962
7009.400000 0.96394
7010.000000 0.96654
7010.500000 0.96166
7011.100000 0.96428
7011.600000 0.96695
7012.200000 0.96168
7012.700000 0.96516
7013.300000 0.96514
7013.800000 0.96327
7014.400000 0.96321
7015.000000 0.9619
7015.500000 0.96383
7016.100000 0.95888
7016.600000 0.96429
7017.200000 0.96044
7017.700000 0.96428
7018.300000 0.96362
7018.800000 0.96322
7019.400000 0.96484
7019.900000 0.96316
7020.500000 0.96422
7021.100000 0.96433
7021.600000 0.96261
7022.200000 0.96326
7022.700000 0.96157
7023.300000 0.96181
7023.800000 0.96303
7024.400000 0.96579
7024.900000 0.9634
7025.500000 0.96541
7026.000000 0.96613
7026.600000 0.96021
7027.100000 0.96561
7027.700000 0.9619
7028.200000 0.96346
7028.800000 0.9625
7029.400000 0.96597
7029.900000 0.96199
7030.500000 0.96548
7031.000000 0.96188
7031.600000 0.96242
7032.100000 0.96324
7032.700000 0.96508
7033.200000 0.96104
7033.800000 0.96343
7034.300000 0.96264
7034.900000 0.96514
7035.400000 0.96019
7036.000000 0.96606
7036.500000 0.96293
7037.100000 0.96317
7037.600000 0.96493
7038.200000 0.9598
7038.700000 0.96489
7039.300000 0.96021
7039.800000 0.96582
7040.400000 0.96301
7040.900000 0.96252
7041.500000 0.96312
7042.000000 0.96308
7042.600000 0.9643
7043.100000 0.96256
7043.700000 0.96445
7044.200000 0.96276
7044.800000 0.96222
7045.300000 0.96327
7045.900000 0.96623
7046.400000 0.96263
7046.900000 0.96482
7047.500000 0.96605
7048.000000 0.96436
7048.600000 0.96323
7049.100000 0.96085
7049.700000 0.96082
7050.200000 0.96488
7050.800000 0.96149
7051.300000 0.96586
7051.900000 0.96327
7052.400000 0.96197
7053.000000 0.96469
7053.500000 0.96152
7054.100000 0.96554
7054.600000 0.96222
7055.100000 0.9667
7055.700000 0.96297
7056.200000 0.96623
7056.800000 0.96477
7057.300000 0.96601
7057.900000 0.96214
7058.400000 0.96339
7059.000000 0.96451
7059.500000 0.96459
7060.100000 0.96615
7060.600000 0.96715
7061.100000 0.96584
7061.700000 0.96425
7062.200000 0.96647
7062.800000 0.96649
7063.300000 0.96569
7063.900000 0.96381
7064.400000 0.96718
7064.900000 0.96376
7065.500000 0.9606
7066.000000 0.96991
7066.600000 0.9674
7067.100000 0.96426
7067.700000 0.96659
7068.200000 0.96487
7068.700000 0.96776
7069.300000 0.96515
7069.800000 0.96615
7070.400000 0.96529
7070.900000 0.96538
7071.500000 0.96347
7072.000000 0.96427
7072.500000 0.96386
7073.100000 0.96792
7073.600000 0.96299
7074.200000 0.97119
7074.700000 0.96587
7075.200000 0.9661
7075.800000 0.96655
7076.300000 0.96501
7076.900000 0.9629
7077.400000 0.96732
7077.900000 0.96648
7078.500000 0.96633
7079.000000 0.9649
7079.600000 0.9691
7080.100000 0.96614
7080.600000 0.96446
7081.200000 0.96585
7081.700000 0.9627
7082.300000 0.96605
7082.800000 0.9651
7083.300000 0.96606
7083.900000 0.96696
7084.400000 0.96275
7085.000000 0.96493
7085.500000 0.96698
7086.000000 0.96773
7086.600000 0.96313
7087.100000 0.96264
7087.600000 0.96614
7088.200000 0.96604
7088.700000 0.96351
7089.300000 0.96761
7089.800000 0.96132
7090.300000 0.96173
7090.900000 0.9592
7091.400000 0.95962
7091.900000 0.96229
7092.500000 0.96069
7093.000000 0.95947
7093.500000 0.95682
7094.100000 0.96149
7094.600000 0.95808
7095.200000 0.95794
7095.700000 0.95883
7096.200000 0.95824
7096.800000 0.95672
7097.300000 0.95439
7097.800000 0.9574
7098.400000 0.96018
7098.900000 0.95646
7099.400000 0.95441
7100.000000 0.95469
7100.500000 0.95718
7101.000000 0.95144
7101.600000 0.95599
7102.100000 0.94996
7102.600000 0.95099
7103.200000 0.95317
7103.700000 0.95258
7104.200000 0.95061
7104.800000 0.94704
7105.300000 0.94697
7105.800000 0.94346
7106.400000 0.94868
7106.900000 0.9458
7107.400000 0.94266
7108.000000 0.94185
7108.500000 0.94155
7109.000000 0.94228
7109.600000 0.93672
7110.100000 0.93965
7110.600000 0.93894
7111.100000 0.93731
7111.700000 0.93586
7112.200000 0.9361
7112.700000 0.93651
7113.300000 0.93255
7113.800000 0.93332
7114.300000 0.93105
7114.900000 0.93034
7115.400000 0.92651
7115.900000 0.92814
7116.500000 0.92376
7117.000000 0.92581
7117.500000 0.92368
7118.000000 0.92248
7118.600000 0.9225
7119.100000 0.92132
7119.600000 0.91886
7120.200000 0.91842
7120.700000 0.91292
7121.200000 0.91579
7121.700000 0.91242
7122.300000 0.91062
7122.800000 0.90657
7123.300000 0.90877
7123.900000 0.90969
7124.400000 0.90499
7124.900000 0.9036
7125.400000 0.90588
7126.000000 0.90354
7126.500000 0.89976
7127.000000 0.90091
7127.500000 0.89925
7128.100000 0.89822
7128.600000 0.89658
7129.100000 0.8933
7129.600000 0.89324
7130.200000 0.89303
7130.700000 0.89069
7131.200000 0.88683
7131.700000 0.88488
7132.300000 0.88731
7132.800000 0.88388
7133.300000 0.8825
7133.800000 0.88074
7134.400000 0.87424
7134.900000 0.87715
7135.400000 0.87657
7135.900000 0.87253
7136.500000 0.87192
7137.000000 0.86987
7137.500000 0.86852
7138.000000 0.86554
7138.600000 0.8671
7139.100000 0.86498
7139.600000 0.86274
7140.100000 0.86314
7140.700000 0.86058
7141.200000 0.85728
7141.700000 0.85693
7142.200000 0.8552
7142.700000 0.85406
7143.300000 0.85632
7143.800000 0.84955
7144.300000 0.85174
7144.800000 0.84808
7145.400000 0.84423
7145.900000 0.84313
7146.400000 0.84408
7146.900000 0.84365
7147.400000 0.83772
7148.000000 0.83607
7148.500000 0.8384
7149.000000 0.83383
7149.500000 0.83354
7150.000000 0.83148
7150.600000 0.83244
7151.100000 0.82955
7151.600000 0.82624
7152.100000 0.82533
7152.600000 0.82441
7153.200000 0.82115
7153.700000 0.82114
7154.200000 0.81859
7154.700000 0.8165
7155.200000 0.81774
7155.800000 0.81529
7156.300000 0.81294
7156.800000 0.81596
7157.300000 0.81253
7157.800000 0.80802
7158.300000 0.80906
7158.900000 0.80475
7159.400000 0.80542
7159.900000 0.80788
7160.400000 0.80532
7160.900000 0.80472
7161.400000 0.803
7162.000000 0.80334
7162.500000 0.79878
7163.000000 0.7954
7163.500000 0.79448
7164.000000 0.79549
7164.500000 0.79464
7165.100000 0.79244
7165.600000 0.78978
7166.100000 0.79107
7166.600000 0.78983
7167.100000 0.78495
7167.600000 0.7889
7168.200000 0.7856
7168.700000 0.78228
7169.200000 0.78066
7169.700000 0.77993
7170.200000 0.77801
7170.700000 0.77661
7171.200000 0.77724
7171.700000 0.77795
7172.300000 0.77555
7172.800000 0.77507
7173.300000 0.77453
7173.800000 0.7686
7174.300000 0.76642
7174.800000 0.7671
7175.300000 0.76485
7175.900000 0.76036
7176.400000 0.76345
7176.900000 0.76136
7177.400000 0.75878
7177.900000 0.75741
7178.400000 0.75426
7178.900000 0.75548
7179.400000 0.75266
7179.900000 0.75289
7180.500000 0.7497
7181.000000 0.74532
7181.500000 0.74602
7182.000000 0.74454
7182.500000 0.74125
7183.000000 0.73974
7183.500000 0.73961
7184.000000 0.73571
7184.500000 0.73009
7185.000000 0.73542
7185.600000 0.72877
7186.100000 0.72605
7186.600000 0.72336
7187.100000 0.72189
7187.600000 0.71856
7188.100000 0.71587
7188.600000 0.71427
7189.100000 0.7111
7189.600000 0.70882
7190.100000 0.70482
7190.600000 0.70409
7191.200000 0.70013
7191.700000 0.69589
7192.200000 0.6937
7192.700000 0.69183
7193.200000 0.68732
7193.700000 0.68381
7194.200000 0.67687
7194.700000 0.67383
7195.200000 0.67051
7195.700000 0.6662
7196.200000 0.66382
7196.700000 0.65924
7197.200000 0.65557
7197.700000 0.65061
7198.200000 0.64537
7198.700000 0.64161
7199.300000 0.63665
7199.800000 0.63637
7200.300000 0.62947
7200.800000 0.62279
7201.300000 0.61671
7201.800000 0.6138
7202.300000 0.60703
7202.800000 0.60049
7203.300000 0.59852
7203.800000 0.59147
7204.300000 0.58728
7204.800000 0.57861
7205.300000 0.57553
7205.800000 0.57085
7206.300000 0.56423
7206.800000 0.55837
7207.300000 0.55125
7207.800000 0.54524
7208.300000 0.54007
7208.800000 0.535
7209.300000 0.52707
7209.800000 0.52159
7210.300000 0.51474
7210.800000 0.50822
7211.300000 0.50045
7211.800000 0.4953
7212.300000 0.48872
7212.800000 0.48342
7213.300000 0.47586
7213.800000 0.47101
7214.300000 0.46348
7214.800000 0.45642
7215.300000 0.45261
7215.800000 0.44283
7216.300000 0.43622
7216.800000 0.42933
7217.300000 0.42263
7217.800000 0.41724
7218.300000 0.41129
7218.800000 0.4026
7219.300000 0.39699
7219.800000 0.38937
7220.300000 0.38597
7220.800000 0.37631
7221.300000 0.37108
7221.800000 0.36696
7222.300000 0.35942
7222.800000 0.35142
7223.300000 0.3483
7223.800000 0.34237
7224.300000 0.33604
7224.800000 0.32825
7225.300000 0.32209
7225.800000 0.3164
7226.300000 0.3126
7226.800000 0.30623
7227.300000 0.2989
7227.800000 0.29427
7228.300000 0.28832
7228.800000 0.28281
7229.300000 0.27764
7229.800000 0.27277
7230.300000 0.26708
7230.700000 0.26088
7231.200000 0.25624
7231.700000 0.25091
7232.200000 0.24499
7232.700000 0.24102
7233.200000 0.23613
7233.700000 0.23273
7234.200000 0.22731
7234.700000 0.22362
7235.200000 0.2187
7235.700000 0.21371
7236.200000 0.20919
7236.700000 0.20594
7237.200000 0.20086
7237.700000 0.19623
7238.100000 0.19224
7238.600000 0.19013
7239.100000 0.18462
7239.600000 0.18139
7240.100000 0.17767
7240.600000 0.17434
7241.100000 0.16978
7241.600000 0.16742
7242.100000 0.16348
7242.600000 0.15934
7243.100000 0.15496
7243.600000 0.15288
7244.000000 0.14905
7244.500000 0.14658
7245.000000 0.14332
7245.500000 0.1396
7246.000000 0.13837
7246.500000 0.13403
7247.000000 0.13185
7247.500000 0.12933
7248.000000 0.12627
7248.400000 0.12259
7248.900000 0.12061
7249.400000 0.11874
7249.900000 0.11553
7250.400000 0.11392
7250.900000 0.11099
7251.400000 0.10894
7251.900000 0.10789
7252.400000 0.10447
7252.800000 0.10293
7253.300000 0.10048
7253.800000 0.09808
7254.300000 0.09675
7254.800000 0.09444
7255.300000 0.09236
7255.800000 0.09058
7256.200000 0.08979
7256.700000 0.0867
7257.200000 0.08456
7257.700000 0.08306
7258.200000 0.08142
7258.700000 0.08014
7259.200000 0.07805
7259.600000 0.0771
7260.100000 0.0759
7260.600000 0.07398
7261.100000 0.07186
7261.600000 0.07048
7262.100000 0.06899
7262.500000 0.06758
7263.000000 0.06689
7263.500000 0.06501
7264.000000 0.06356
7264.500000 0.06232
7265.000000 0.06174
7265.400000 0.06004
7265.900000 0.05942
7266.400000 0.05776
7266.900000 0.05686
7267.400000 0.05554
7267.900000 0.05409
7268.300000 0.05309
7268.800000 0.05226
7269.300000 0.05159
7269.800000 0.05078
7270.300000 0.04999
7270.700000 0.0484
7271.200000 0.04742
7271.700000 0.04677
7272.200000 0.0463
7272.700000 0.04521
7273.100000 0.04412
7273.600000 0.04318
7274.100000 0.04197
7274.600000 0.04173
7275.100000 0.04132
7275.500000 0.04003
7276.000000 0.03964
7276.500000 0.03841
7277.000000 0.0382
7277.500000 0.03763
7277.900000 0.03628
7278.400000 0.03636
7278.900000 0.03521
7279.400000 0.035
7279.800000 0.03409
7280.300000 0.03377
7280.800000 0.03299
7281.300000 0.03238
7281.800000 0.03144
7282.200000 0.03112
7282.700000 0.03048
7283.200000 0.03046
7283.700000 0.02989
7284.100000 0.02932
7284.600000 0.02845
7285.100000 0.02811
7285.600000 0.02775
7286.000000 0.02726
7286.500000 0.0266
7287.000000 0.02669
7287.500000 0.02587
7287.900000 0.02518
7288.400000 0.02498
7288.900000 0.02426
7289.400000 0.02368
7289.800000 0.02364
7290.300000 0.02351
7290.800000 0.02296
7291.300000 0.02225
7291.700000 0.02221
7292.200000 0.02167
7292.700000 0.0213
7293.200000 0.02108
7293.600000 0.02035
7294.100000 0.02074
7294.600000 0.01966
7295.000000 0.01966
7295.500000 0.01987
7296.000000 0.01849
7296.500000 0.01854
7296.900000 0.01825
7297.400000 0.018
7297.900000 0.01774
7298.300000 0.01748
7298.800000 0.01734
7299.300000 0.01693
7299.700000 0.01664
7300.200000 0.01636
7300.700000 0.01622
7301.200000 0.01584
7301.600000 0.01555
7302.100000 0.01554
7302.600000 0.01527
7303.000000 0.01542
7303.500000 0.01518
7304.000000 0.01453
7304.400000 0.01424
7304.900000 0.01369
7305.400000 0.01358
7305.800000 0.01353
7306.300000 0.01334
7306.800000 0.0136
7307.200000 0.01324
7307.700000 0.01283
7308.200000 0.01254
7308.600000 0.01255
7309.100000 0.01243
7309.600000 0.01216
7310.000000 0.01209
7310.500000 0.01197
7311.000000 0.01161
7311.400000 0.0116
7311.900000 0.01119
7312.400000 0.01108
7312.800000 0.01097
7313.300000 0.0108
7313.800000 0.01034
7314.200000 0.01054
7314.700000 0.01025
7315.200000 0.01034
7315.600000 0.00995
7316.100000 0.01017
7316.600000 0.00982
7317.000000 0.00942
7317.500000 0.00951
7317.900000 0.00926
7318.400000 0.00922
7318.900000 0.009
7319.300000 0.00891
7319.800000 0.009
7320.300000 0.0089
7320.700000 0.00841
7321.200000 0.00864
7321.600000 0.00828
7322.100000 0.00812
7322.600000 0.00821
7323.000000 0.00812
7323.500000 0.0076
7324.000000 0.00797
7324.400000 0.00747
7324.900000 0.00763
7325.300000 0.00753
7325.800000 0.00773
7326.300000 0.00743
7326.700000 0.00711
7327.200000 0.00707
7327.600000 0.00684
7328.100000 0.00676
7328.500000 0.00681
7329.000000 0.00711
7329.500000 0.00661
7329.900000 0.00667
7330.400000 0.00639
7330.800000 0.00666
7331.300000 0.00622
7331.800000 0.00607
7332.200000 0.00611
7332.700000 0.00603
7333.100000 0.00585
7333.600000 0.00586
7334.000000 0.00569
7334.500000 0.00592
7335.000000 0.00574
7335.400000 0.00564
7335.900000 0.00551
7336.300000 0.00533
7336.800000 0.00545
7337.200000 0.00546
7337.700000 0.00519
7338.100000 0.005
7338.600000 0.00506
7339.100000 0.0052
7339.500000 0.0049
7340.000000 0.00489
7340.400000 0.00483
7340.900000 0.00469
7341.300000 0.00463
7341.800000 0.00492
7342.200000 0.00457
7342.700000 0.00462
7343.100000 0.00445
7343.600000 0.0043
7344.000000 0.00451
7344.500000 0.00457
7345.000000 0.00437
7345.400000 0.00405
7345.900000 0.00439
7346.300000 0.00398
7346.800000 0.00407
7347.200000 0.00399
7347.700000 0.00429
7348.100000 0.00384
7348.600000 0.0039
7349.000000 0.00391
7349.500000 0.0037
7349.900000 0.00393
7350.400000 0.00387
7350.800000 0.00385
7351.300000 0.00341
7351.700000 0.00349
7352.200000 0.00369
7352.600000 0.0034
7353.100000 0.00341
7353.500000 0.00337
7354.000000 0.00354
7354.400000 0.00343
7354.900000 0.0035
7355.300000 0.0032
7355.800000 0.00322
7356.200000 0.00339
7356.600000 0.00313
7357.100000 0.00322
7357.500000 0.00321
7358.000000 0.00293
7358.400000 0.00311
7358.900000 0.00296
7359.300000 0.00294
7359.800000 0.00307
7360.200000 0.00297
7360.700000 0.00304
7361.100000 0.00284
7361.600000 0.00293
7362.000000 0.00286
7362.400000 0.00292
7362.900000 0.0027
7363.300000 0.00261
7363.800000 0.00259
7364.200000 0.00267
7364.700000 0.00265
7365.100000 0.00253
7365.600000 0.00251
7366.000000 0.00257
7366.400000 0.00242
7366.900000 0.00267
7367.300000 0.00235
7367.800000 0.00239
7368.200000 0.00268
7368.700000 0.00249
7369.100000 0.00252
7369.500000 0.0023
7370.000000 0.00249
7370.400000 0.00245
7370.900000 0.00229
7371.300000 0.00233
7371.800000 0.00224
7372.200000 0.00233
7372.600000 0.00225
7373.100000 0.0023
7373.500000 0.00217
7374.000000 0.00216
7374.400000 0.00218
7374.800000 0.00193
7375.300000 0.00214
7375.700000 0.00205
7376.200000 0.00199
7376.600000 0.00207
7377.000000 0.00211
7377.500000 0.00197
7377.900000 0.00186
7378.300000 0.00202
7378.800000 0.00196
7379.200000 0.00188
7379.700000 0.00191
7380.100000 0.00193
7380.500000 0.00193
7381.000000 0.0018
7381.400000 0.00185
7381.800000 0.00182
7382.300000 0.002
7382.700000 0.00174
7383.200000 0.00181
7383.600000 0.00179
7384.000000 0.00164
7384.500000 0.00188
7384.900000 0.00173
7385.300000 0.00167
7385.800000 0.00167
7386.200000 0.00159
7386.600000 0.00159
7387.100000 0.00165
7387.500000 0.0016
7387.900000 0.0017
7388.400000 0.00171
7388.800000 0.00158
7389.200000 0.00151
7389.700000 0.00173
7390.100000 0.00151
7390.500000 0.00155
7391.000000 0.00154
7391.400000 0.00155
7391.800000 0.00153
7392.300000 0.0016
7392.700000 0.00152
7393.100000 0.00162
7393.600000 0.00164
7394.000000 0.00151
7394.400000 0.00145
