3970.961500 0.00193559
3971.948000 0.00222947
3972.934500 0.00215753
3973.921000 0.00215753
3974.907500 0.00243073
3975.893900 0.00222774
3976.880400 0.00199684
3977.866900 0.00229893
3978.853400 0.00219581
3979.839900 0.00225565
3980.826400 0.00213209
3981.812900 0.002198
3982.799400 0.0023147
3983.785900 0.00204365
3984.772400 0.00201416
3985.758900 0.00218089
3986.745400 0.00230494
3987.731900 0.00230623
3988.718400 0.00230287
3989.704900 0.0024001
3990.691300 0.0022501
3991.677800 0.00220072
3992.664300 0.00210141
3993.650800 0.00223714
3994.637300 0.00217433
3995.623800 0.00211649
3996.610300 0.00232699
3997.596800 0.00226304
3998.583300 0.00233982
3999.569800 0.00229971
4000.556300 0.00244671
4001.542800 0.00234995
4002.529300 0.00237559
4003.515800 0.00233302
4004.502300 0.00232802
4005.488700 0.00229686
4006.475200 0.00213853
4007.461700 0.00237081
4008.448200 0.0024931
4009.434700 0.00239659
4010.421200 0.00231359
4011.407700 0.00230597
4012.394200 0.00233336
4013.380700 0.00238183
4014.367200 0.00226976
4015.353700 0.00233825
4016.340200 0.00232422
4017.326700 0.00238614
4018.313200 0.00252583
4019.299600 0.00249324
4020.286100 0.00255531
4021.272600 0.00245247
4022.259100 0.00253895
4023.245600 0.00260477
4024.232100 0.00251975
4025.218600 0.00248203
4026.205100 0.00257689
4027.191600 0.00261836
4028.178100 0.00266497
4029.164600 0.00276481
4030.151100 0.00267225
4031.137600 0.00268178
4032.124100 0.00290078
4033.110600 0.0028149
4034.097000 0.00257659
4035.083500 0.00289474
4036.070000 0.00285085
4037.056500 0.00303061
4038.043000 0.00306122
4039.029500 0.00315483
4040.016000 0.00292678
4041.002500 0.00323047
4041.989000 0.00308321
4042.975500 0.00313959
4043.962000 0.00302566
4044.948500 0.00312375
4045.935000 0.00325771
4046.921500 0.00312969
4047.908000 0.00330427
4048.894400 0.00318735
4049.880900 0.00323171
4050.867400 0.00322313
4051.853900 0.00323312
4052.840400 0.00315103
4053.826900 0.00345906
4054.813400 0.00344272
4055.799900 0.00351938
4056.786400 0.0035195
4057.772900 0.0036546
4058.759400 0.00352354
4059.745900 0.00391055
4060.732400 0.00390302
4061.718900 0.00362141
4062.705400 0.0036405
4063.691800 0.00395529
4064.678300 0.0039552
4065.664800 0.0038201
4066.651300 0.00408152
4067.637800 0.00422789
4068.624300 0.004352
4069.610800 0.00443723
4070.597300 0.00446204
4071.583800 0.00456633
4072.570300 0.00486397
4073.556800 0.00487693
4074.543300 0.00506704
4075.529800 0.0053588
4076.516300 0.00554618
4077.502800 0.00590374
4078.489200 0.00618192
4079.475700 0.00611439
4080.462200 0.00627464
4081.448700 0.00712496
4082.435200 0.00732028
4083.421700 0.00761473
4084.408200 0.00809577
4085.394700 0.00863743
4086.381200 0.00921819
4087.367700 0.00961688
4088.354200 0.0100471
4089.340700 0.010824
4090.327200 0.0122951
4091.313700 0.013006
4092.300200 0.0140536
4093.286600 0.0148113
4094.273100 0.0170334
4095.259600 0.0183313
4096.246100 0.0195135
4097.232600 0.0213296
4098.219100 0.0250509
4099.205600 0.0266012
4100.192100 0.0283966
4101.178600 0.0305421
4102.165100 0.035925
4103.151600 0.0387844
4104.138100 0.0419949
4105.124600 0.0442619
4106.111100 0.0481338
4107.097500 0.0565365
4108.084000 0.0604251
4109.070500 0.06461
4110.057000 0.0699089
4111.043500 0.0797298
4112.030000 0.0844806
4113.016500 0.0895863
4114.003000 0.0948298
4114.989500 0.100465
4115.976000 0.112077
4116.962500 0.118999
4117.949000 0.124698
4118.935500 0.130316
4119.922000 0.136465
4120.908500 0.151593
4121.894900 0.157211
4122.881400 0.163475
4123.867900 0.170972
4124.854400 0.187095
4125.840900 0.193923
4126.827400 0.202494
4127.813900 0.211234
4128.800400 0.229458
4129.786900 0.237545
4130.773400 0.249158
4131.759900 0.259621
4132.746400 0.281198
4133.732900 0.294551
4134.719400 0.306548
4135.705900 0.321714
4136.692300 0.350725
4137.678800 0.36432
4138.665300 0.380001
4139.651800 0.397399
4140.638300 0.412047
4141.624800 0.447115
4142.611300 0.46455
4143.597800 0.482522
4144.584300 0.499442
4145.570800 0.535895
4146.557300 0.553883
4147.543800 0.570307
4148.530300 0.586056
4149.516800 0.620873
4150.503300 0.637294
4151.489700 0.654574
4152.476200 0.669406
4153.462700 0.698903
4154.449200 0.710508
4155.435700 0.720453
4156.422200 0.731813
4157.408700 0.752213
4158.395200 0.761124
4159.381700 0.768456
4160.368200 0.777393
4161.354700 0.791716
4162.341200 0.795991
4163.327700 0.800165
4164.314200 0.803535
4165.300700 0.811083
4166.287100 0.81011
4167.273600 0.811545
4168.260100 0.812493
4169.246600 0.818625
4170.233100 0.820737
4171.219600 0.818631
4172.206100 0.821505
4173.192600 0.82091
4174.179100 0.818177
4175.165600 0.81713
4176.152100 0.820609
4177.138600 0.81913
4178.125100 0.820454
4179.111600 0.820911
4180.098000 0.821497
4181.084500 0.821864
4182.071000 0.823668
4183.057500 0.823552
4184.044000 0.822603
4185.030500 0.82846
4186.017000 0.828686
4187.003500 0.831685
4187.990000 0.83307
4188.976500 0.835646
4189.963000 0.836791
4190.949500 0.843619
4191.936000 0.848046
4192.922500 0.848726
4193.909000 0.851502
4194.895400 0.857236
4195.881900 0.861771
4196.868400 0.860716
4197.854900 0.867633
4198.841400 0.873476
4199.827900 0.877135
4200.814400 0.882298
4201.800900 0.882889
4202.787400 0.892048
4203.773900 0.896306
4204.760400 0.896697
4205.746900 0.89936
4206.733400 0.904085
4207.719900 0.904732
4208.706400 0.906346
4209.692800 0.906969
4210.679300 0.91093
4211.665800 0.912647
4212.652300 0.911146
4213.638800 0.910305
4214.625300 0.911833
4215.611800 0.912091
4216.598300 0.912325
4217.584800 0.911719
4218.571300 0.909873
4219.557800 0.907805
4220.544300 0.906461
4221.530800 0.904511
4222.517300 0.902533
4223.503800 0.904094
4224.490200 0.897471
4225.476700 0.89599
4226.463200 0.893787
4227.449700 0.892212
4228.436200 0.89155
4229.422700 0.887112
4230.409200 0.883723
4231.395700 0.882569
4232.382200 0.879543
4233.368700 0.878195
4234.355200 0.875304
4235.341700 0.874587
4236.328200 0.873863
4237.314700 0.872383
4238.301200 0.871778
4239.287600 0.873513
4240.274100 0.870387
4241.260600 0.866689
4242.247100 0.867699
4243.233600 0.867289
4244.220100 0.868696
4245.206600 0.871122
4246.193100 0.870504
4247.179600 0.869911
4248.166100 0.871942
4249.152600 0.871272
4250.139100 0.873087
4251.125600 0.874735
4252.112100 0.87619
4253.098500 0.87765
4254.085000 0.876473
4255.071500 0.878129
4256.058000 0.877136
4257.044500 0.880237
4258.031000 0.87498
4259.017500 0.87631
4260.004000 0.880038
4260.990500 0.879278
4261.977000 0.873435
4262.963500 0.881736
4263.950000 0.879647
4264.936500 0.881894
4265.923000 0.881481
4266.909500 0.883385
4267.895900 0.884404
4268.882400 0.881048
4269.868900 0.886986
4270.855400 0.882026
4271.841900 0.884703
4272.828400 0.88413
4273.814900 0.88332
4274.801400 0.881686
4275.787900 0.88302
4276.774400 0.88569
4277.760900 0.884329
4278.747400 0.882963
4279.733900 0.884958
4280.720400 0.881853
4281.706900 0.882937
4282.693300 0.883719
4283.679800 0.886026
4284.666300 0.883731
4285.652800 0.884082
4286.639300 0.886055
4287.625800 0.886017
4288.612300 0.886446
4289.598800 0.886081
4290.585300 0.886886
4291.571800 0.888348
4292.558300 0.889925
4293.544800 0.888783
4294.531300 0.891773
4295.517800 0.891807
4296.504300 0.890235
4297.490700 0.892558
4298.477200 0.895769
4299.463700 0.895452
4300.450200 0.893557
4301.436700 0.895704
4302.423200 0.896014
4303.409700 0.897202
4304.396200 0.899376
4305.382700 0.902032
4306.369200 0.898969
4307.355700 0.90101
4308.342200 0.903806
4309.328700 0.905697
4310.315200 0.905905
4311.301700 0.907667
4312.288100 0.908232
4313.274600 0.90833
4314.261100 0.91044
4315.247600 0.908533
4316.234100 0.910171
4317.220600 0.911336
4318.207100 0.909461
4319.193600 0.914033
4320.180100 0.91444
4321.166600 0.914489
4322.153100 0.917423
4323.139600 0.916132
4324.126100 0.917377
4325.112600 0.913804
4326.099000 0.916896
4327.085500 0.919365
4328.072000 0.920579
4329.058500 0.918169
4330.045000 0.918851
4331.031500 0.921205
4332.018000 0.917285
4333.004500 0.92047
4333.991000 0.919338
4334.977500 0.919396
4335.964000 0.922598
4336.950500 0.918217
4337.937000 0.922977
4338.923500 0.921981
4339.910000 0.920428
4340.896400 0.92156
4341.882900 0.919501
4342.869400 0.915085
4343.855900 0.917786
4344.842400 0.920332
4345.828900 0.92264
4346.815400 0.921198
4347.801900 0.921159
4348.788400 0.920858
4349.774900 0.920351
4350.761400 0.919476
4351.747900 0.923706
4352.734400 0.920814
4353.720900 0.921461
4354.707400 0.922596
4355.693800 0.923089
4356.680300 0.924087
4357.666800 0.921308
4358.653300 0.920032
4359.639800 0.918525
4360.626300 0.919973
4361.612800 0.921024
4362.599300 0.919356
4363.585800 0.919535
4364.572300 0.917748
4365.558800 0.91773
4366.545300 0.916258
4367.531800 0.916683
4368.518300 0.915102
4369.504800 0.915248
4370.491200 0.913916
4371.477700 0.911412
4372.464200 0.911808
4373.450700 0.906191
4374.437200 0.905508
4375.423700 0.905333
4376.410200 0.903874
4377.396700 0.90335
4378.383200 0.899263
4379.369700 0.897403
4380.356200 0.895036
4381.342700 0.893037
4382.329200 0.892245
4383.315700 0.891772
4384.302200 0.888196
4385.288600 0.886566
4386.275100 0.887551
4387.261600 0.882899
4388.248100 0.880526
4389.234600 0.879064
4390.221100 0.879332
4391.207600 0.879183
4392.194100 0.874012
4393.180600 0.871234
4394.167100 0.872782
4395.153600 0.868358
4396.140100 0.86631
4397.126600 0.860617
4398.113100 0.864288
4399.099500 0.864439
4400.086000 0.861841
4401.072500 0.860252
4402.059000 0.862521
4403.045500 0.860939
4404.032000 0.857067
4405.018500 0.857969
4406.005000 0.862118
4406.991500 0.854056
4407.978000 0.852839
4408.964500 0.85147
4409.951000 0.856885
4410.937500 0.858296
4411.924000 0.863947
4412.910500 0.861149
4413.896900 0.865513
4414.883400 0.856436
4415.869900 0.859467
4416.856400 0.856895
4417.842900 0.866499
4418.829400 0.871616
4419.815900 0.868759
4420.802400 0.86522
4421.788900 0.876313
4422.775400 0.871992
4423.761900 0.871992
4424.748400 0.871349
4425.734900 0.868348
4426.721400 0.873521
4427.707900 0.879565
4428.694300 0.875597
4429.680800 0.885783
4430.667300 0.881725
4431.653800 0.881237
4432.640300 0.887995
4433.626800 0.896116
4434.613300 0.897259
4435.599800 0.894527
4436.586300 0.896875
4437.572800 0.902231
4438.559300 0.902593
4439.545800 0.901487
4440.532300 0.907545
4441.518800 0.907256
4442.505300 0.909385
4443.491700 0.908039
4444.478200 0.912384
4445.464700 0.9143
4446.451200 0.913338
4447.437700 0.910464
4448.424200 0.913291
4449.410700 0.916444
4450.397200 0.919763
4451.383700 0.917178
4452.370200 0.921025
4453.356700 0.925067
4454.343200 0.919481
4455.329700 0.918379
4456.316200 0.921817
4457.302700 0.923332
4458.289100 0.922994
4459.275600 0.916564
4460.262100 0.917511
4461.248600 0.919044
4462.235100 0.919571
4463.221600 0.917111
4464.208100 0.91291
4465.194600 0.910725
4466.181100 0.917981
4467.167600 0.920116
4468.154100 0.907978
4469.140600 0.912164
4470.127100 0.907687
4471.113600 0.914887
4472.100100 0.911948
4473.086500 0.910355
4474.073000 0.911231
4475.059500 0.906177
4476.046000 0.904941
4477.032500 0.905043
4478.019000 0.906857
4479.005500 0.905351
4479.992000 0.897358
4480.978500 0.897122
4481.965000 0.90182
4482.951500 0.895277
4483.938000 0.903169
4484.924500 0.896068
4485.911000 0.889258
4486.897400 0.894315
4487.883900 0.898479
4488.870400 0.894819
4489.856900 0.893141
4490.843400 0.891548
4491.829900 0.893973
4492.816400 0.890882
4493.802900 0.890526
4494.789400 0.892869
4495.775900 0.891139
4496.762400 0.886806
4497.748900 0.889883
4498.735400 0.887266
4499.721900 0.886905
4500.708400 0.888199
4501.694800 0.888634
4502.681300 0.889234
4503.667800 0.888327
4504.654300 0.887298
4505.640800 0.888271
4506.627300 0.889959
4507.613800 0.885567
4508.600300 0.88549
4509.586800 0.886235
4510.573300 0.88749
4511.559800 0.888098
4512.546300 0.885351
4513.532800 0.884409
4514.519300 0.885836
4515.505800 0.884803
4516.492200 0.884746
4517.478700 0.880928
4518.465200 0.882238
4519.451700 0.890712
4520.438200 0.889483
4521.424700 0.884356
4522.411200 0.883039
4523.397700 0.892218
4524.384200 0.889688
4525.370700 0.888475
4526.357200 0.886107
4527.343700 0.889119
4528.330200 0.888125
4529.316700 0.887255
4530.303200 0.887619
4531.289600 0.889292
4532.276100 0.895463
4533.262600 0.887578
4534.249100 0.891904
4535.235600 0.889441
4536.222100 0.894161
4537.208600 0.893052
4538.195100 0.897531
4539.181600 0.890811
4540.168100 0.891997
4541.154600 0.897497
4542.141100 0.889297
4543.127600 0.892451
4544.114100 0.89503
4545.100600 0.895156
4546.087000 0.896266
4547.073500 0.89532
4548.060000 0.896555
4549.046500 0.903966
4550.033000 0.906812
4551.019500 0.900598
4552.006000 0.898228
4552.992500 0.903295
4553.979000 0.895964
4554.965500 0.905567
4555.952000 0.899783
4556.938500 0.905918
4557.925000 0.898459
4558.911500 0.89984
4559.897900 0.904925
4560.884400 0.907992
4561.870900 0.905529
4562.857400 0.907415
4563.843900 0.912366
4564.830400 0.910142
4565.816900 0.909415
4566.803400 0.907702
4567.789900 0.915028
4568.776400 0.915095
4569.762900 0.90785
4570.749400 0.912703
4571.735900 0.915782
4572.722400 0.915149
4573.708900 0.915372
4574.695300 0.9179
4575.681800 0.919943
4576.668300 0.918007
4577.654800 0.921174
4578.641300 0.923612
4579.627800 0.929141
4580.614300 0.921171
4581.600800 0.921402
4582.587300 0.921575
4583.573800 0.923132
4584.560300 0.922743
4585.546800 0.922135
4586.533300 0.927168
4587.519800 0.928328
4588.506300 0.923802
4589.492700 0.92662
4590.479200 0.930193
4591.465700 0.929719
4592.452200 0.931017
4593.438700 0.928198
4594.425200 0.927347
4595.411700 0.930328
4596.398200 0.92929
4597.384700 0.929289
4598.371200 0.927579
4599.357700 0.927774
4600.344200 0.924336
4601.330700 0.922718
4602.317200 0.925048
4603.303700 0.924631
4604.290100 0.92989
4605.276600 0.930367
4606.263100 0.925694
4607.249600 0.926327
4608.236100 0.92925
4609.222600 0.928119
4610.209100 0.921259
4611.195600 0.924831
4612.182100 0.920909
4613.168600 0.922108
4614.155100 0.924421
4615.141600 0.925449
4616.128100 0.92527
4617.114600 0.924428
4618.101100 0.915973
4619.087500 0.921313
4620.074000 0.919644
4621.060500 0.917622
4622.047000 0.916901
4623.033500 0.918965
4624.020000 0.920231
4625.006500 0.917899
4625.993000 0.918808
4626.979500 0.912354
4627.966000 0.916619
4628.952500 0.916705
4629.939000 0.915315
4630.925500 0.913142
4631.912000 0.914829
4632.898400 0.919361
4633.884900 0.909919
4634.871400 0.913139
4635.857900 0.910734
4636.844400 0.911301
4637.830900 0.911031
4638.817400 0.908258
4639.803900 0.910231
4640.790400 0.909545
4641.776900 0.912279
4642.763400 0.915274
4643.749900 0.910987
4644.736400 0.910753
4645.722900 0.910207
4646.709400 0.911939
4647.695800 0.908335
4648.682300 0.912266
4649.668800 0.911895
4650.655300 0.907428
4651.641800 0.912696
4652.628300 0.910156
4653.614800 0.909683
4654.601300 0.908819
4655.587800 0.91293
4656.574300 0.912151
4657.560800 0.913589
4658.547300 0.913843
4659.533800 0.910254
4660.520300 0.910704
4661.506800 0.91001
4662.493200 0.911805
4663.479700 0.912291
4664.466200 0.911906
4665.452700 0.915339
4666.439200 0.915371
4667.425700 0.911543
4668.412200 0.914794
4669.398700 0.918106
4670.385200 0.918079
4671.371700 0.916204
4672.358200 0.913143
4673.344700 0.910463
4674.331200 0.910359
4675.317700 0.917057
4676.304200 0.910472
4677.290600 0.911051
4678.277100 0.911324
4679.263600 0.916554
4680.250100 0.910964
4681.236600 0.908074
4682.223100 0.915234
4683.209600 0.914843
4684.196100 0.913657
4685.182600 0.916875
4686.169100 0.914103
4687.155600 0.9182
4688.142100 0.913328
4689.128600 0.909791
4690.115100 0.908161
4691.101600 0.911193
4692.088000 0.914043
4693.074500 0.908502
4694.061000 0.910199
4695.047500 0.913989
4696.034000 0.908263
4697.020500 0.911336
4698.007000 0.907636
4698.993500 0.906253
4699.980000 0.907798
4700.966500 0.903823
4701.953000 0.903596
4702.939500 0.906733
4703.926000 0.9086
4704.912500 0.907119
4705.898900 0.905698
4706.885400 0.908369
4707.871900 0.903068
4708.858400 0.905577
4709.844900 0.903427
4710.831400 0.906987
4711.817900 0.906367
4712.804400 0.904199
4713.790900 0.900142
4714.777400 0.906357
4715.763900 0.905535
4716.750400 0.908941
4717.736900 0.903451
4718.723400 0.90679
4719.709900 0.911255
4720.696300 0.905972
4721.682800 0.906771
4722.669300 0.910226
4723.655800 0.910484
4724.642300 0.907453
4725.628800 0.911832
4726.615300 0.914238
4727.601800 0.915171
4728.588300 0.913255
4729.574800 0.910111
4730.561300 0.911834
4731.547800 0.915937
4732.534300 0.916841
4733.520800 0.916366
4734.507300 0.916341
4735.493700 0.919437
4736.480200 0.919696
4737.466700 0.920499
4738.453200 0.921649
4739.439700 0.924977
4740.426200 0.923185
4741.412700 0.924745
4742.399200 0.925127
4743.385700 0.925936
4744.372200 0.925771
4745.358700 0.931238
4746.345200 0.928096
4747.331700 0.929591
4748.318200 0.930456
4749.304700 0.928628
4750.291100 0.926964
4751.277600 0.927294
4752.264100 0.9317
4753.250600 0.930688
4754.237100 0.934037
4755.223600 0.932195
4756.210100 0.935974
4757.196600 0.932477
4758.183100 0.933269
4759.169600 0.933692
4760.156100 0.932947
4761.142600 0.933589
4762.129100 0.937778
4763.115600 0.935972
4764.102100 0.936148
4765.088500 0.932795
4766.075000 0.931251
4767.061500 0.936328
4768.048000 0.93417
4769.034500 0.935302
4770.021000 0.931532
4771.007500 0.928714
4771.994000 0.929512
4772.980500 0.933018
4773.967000 0.927808
4774.953500 0.930609
4775.940000 0.932205
4776.926500 0.927588
4777.913000 0.933462
4778.899400 0.927045
4779.885900 0.92574
4780.872400 0.92355
4781.858900 0.929127
4782.845400 0.923857
4783.831900 0.924688
4784.818400 0.918943
4785.804900 0.923378
4786.791400 0.923141
4787.777900 0.923556
4788.764400 0.917578
4789.750900 0.92171
4790.737400 0.923246
4791.723900 0.920392
4792.710400 0.915892
4793.696800 0.915297
4794.683300 0.918635
4795.669800 0.916912
4796.656300 0.911897
4797.642800 0.907305
4798.629300 0.910552
4799.615800 0.911582
4800.602300 0.906331
4801.588800 0.905145
4802.575300 0.907703
4803.561800 0.903584
4804.548300 0.902793
4805.534800 0.906421
4806.521300 0.904094
4807.507800 0.900993
4808.494200 0.903433
4809.480700 0.904377
4810.467200 0.901103
4811.453700 0.899366
4812.440200 0.899359
4813.426700 0.899316
4814.413200 0.902696
4815.399700 0.899024
4816.386200 0.899078
4817.372700 0.897
4818.359200 0.893821
4819.345700 0.894364
4820.332200 0.897906
4821.318700 0.901038
4822.305200 0.89513
4823.291600 0.895258
4824.278100 0.892805
4825.264600 0.890772
4826.251100 0.896626
4827.237600 0.894791
4828.224100 0.893671
4829.210600 0.895912
4830.197100 0.89286
4831.183600 0.897296
4832.170100 0.891483
4833.156600 0.889827
4834.143100 0.894494
4835.129600 0.894996
4836.116100 0.893997
4837.102600 0.893891
4838.089000 0.897891
4839.075500 0.897062
4840.062000 0.891508
4841.048500 0.893022
4842.035000 0.898526
4843.021500 0.892851
4844.008000 0.894424
4844.994500 0.894519
4845.981000 0.89575
4846.967500 0.89696
4847.954000 0.899145
4848.940500 0.899452
4849.927000 0.896132
4850.913500 0.895643
4851.899900 0.903139
4852.886400 0.90297
4853.872900 0.904085
4854.859400 0.906681
4855.845900 0.900476
4856.832400 0.899617
4857.818900 0.905017
4858.805400 0.901627
4859.791900 0.9048
4860.778400 0.906454
4861.764900 0.90262
4862.751400 0.90636
4863.737900 0.905209
4864.724400 0.908365
4865.710900 0.907394
4866.697300 0.91293
4867.683800 0.910396
4868.670300 0.909727
4869.656800 0.910975
4870.643300 0.912727
4871.629800 0.912037
4872.616300 0.914615
4873.602800 0.914603
4874.589300 0.914182
4875.575800 0.915096
4876.562300 0.915075
4877.548800 0.919847
4878.535300 0.921897
4879.521800 0.919167
4880.508300 0.916777
4881.494700 0.915053
4882.481200 0.917645
4883.467700 0.921897
4884.454200 0.919062
4885.440700 0.917221
4886.427200 0.921068
4887.413700 0.920189
4888.400200 0.921798
4889.386700 0.925912
4890.373200 0.925974
4891.359700 0.92304
4892.346200 0.926304
4893.332700 0.924786
4894.319200 0.925938
4895.305700 0.929897
4896.292100 0.927226
4897.278600 0.92575
4898.265100 0.927274
4899.251600 0.924686
4900.238100 0.927832
4901.224600 0.93172
4902.211100 0.928978
4903.197600 0.930025
4904.184100 0.933125
4905.170600 0.928227
4906.157100 0.928112
4907.143600 0.92631
4908.130100 0.928118
4909.116600 0.927326
4910.103100 0.928688
4911.089500 0.929365
4912.076000 0.931959
4913.062500 0.93162
4914.049000 0.929682
4915.035500 0.930952
4916.022000 0.928294
4917.008500 0.932473
4917.995000 0.928634
4918.981500 0.928468
4919.968000 0.928176
4920.954500 0.924307
4921.941000 0.92731
4922.927500 0.921514
4923.914000 0.927171
4924.900500 0.932481
4925.886900 0.930934
4926.873400 0.92677
4927.859900 0.926785
4928.846400 0.920027
4929.832900 0.921454
4930.819400 0.927342
4931.805900 0.926615
4932.792400 0.924963
4933.778900 0.926519
4934.765400 0.926855
4935.751900 0.925337
4936.738400 0.921176
4937.724900 0.922257
4938.711400 0.923731
4939.697800 0.923285
4940.684300 0.923755
4941.670800 0.921374
4942.657300 0.91956
4943.643800 0.919687
4944.630300 0.917573
4945.616800 0.920401
4946.603300 0.919324
4947.589800 0.9209
4948.576300 0.919258
4949.562800 0.922578
4950.549300 0.919589
4951.535800 0.916371
4952.522300 0.91939
4953.508800 0.917254
4954.495200 0.916205
4955.481700 0.915774
4956.468200 0.913717
4957.454700 0.915978
4958.441200 0.91795
4959.427700 0.914386
4960.414200 0.91259
4961.400700 0.914297
4962.387200 0.914524
4963.373700 0.913047
4964.360200 0.916353
4965.346700 0.913796
4966.333200 0.910149
4967.319700 0.910248
4968.306200 0.912018
4969.292600 0.910098
4970.279100 0.912281
4971.265600 0.909637
4972.252100 0.90561
4973.238600 0.905319
4974.225100 0.911519
4975.211600 0.908495
4976.198100 0.909445
4977.184600 0.904666
4978.171100 0.902473
4979.157600 0.900098
4980.144100 0.907484
4981.130600 0.905359
4982.117100 0.902677
4983.103600 0.905567
4984.090000 0.902801
4985.076500 0.90688
4986.063000 0.905457
4987.049500 0.901295
4988.036000 0.900741
4989.022500 0.902469
4990.009000 0.903403
4990.995500 0.903137
4991.982000 0.89648
4992.968500 0.902347
4993.955000 0.898406
4994.941500 0.897435
4995.928000 0.900391
4996.914500 0.896184
4997.901000 0.900997
4998.887400 0.902192
4999.873900 0.899663
5000.860400 0.899249
5001.846900 0.897906
5002.833400 0.902147
5003.819900 0.898529
5004.806400 0.898496
5005.792900 0.899674
5006.779400 0.900364
5007.765900 0.90277
5008.752400 0.897814
5009.738900 0.894401
5010.725400 0.90022
5011.711900 0.898989
5012.698300 0.898788
5013.684800 0.900963
5014.671300 0.899168
5015.657800 0.898188
5016.644300 0.90132
5017.630800 0.902225
5018.617300 0.899892
5019.603800 0.902065
5020.590300 0.90291
5021.576800 0.902118
5022.563300 0.903424
5023.549800 0.905729
5024.536300 0.906216
5025.522800 0.907737
5026.509300 0.907676
5027.495700 0.906528
5028.482200 0.906218
5029.468700 0.906072
5030.455200 0.905648
5031.441700 0.908698
5032.428200 0.908879
5033.414700 0.908836
5034.401200 0.910428
5035.387700 0.910967
5036.374200 0.911289
5037.360700 0.910756
5038.347200 0.909191
5039.333700 0.909502
5040.320200 0.912253
5041.306700 0.915196
5042.293100 0.914145
5043.279600 0.911883
5044.266100 0.911535
5045.252600 0.91385
5046.239100 0.916412
5047.225600 0.914225
5048.212100 0.916188
5049.198600 0.91642
5050.185100 0.915724
5051.171600 0.912712
5052.158100 0.917749
5053.144600 0.914928
5054.131100 0.917617
5055.117600 0.920403
5056.104100 0.918125
5057.090500 0.921914
5058.077000 0.920202
5059.063500 0.920333
5060.050000 0.922921
5061.036500 0.919408
5062.023000 0.921708
5063.009500 0.922579
5063.996000 0.918114
5064.982500 0.921317
5065.969000 0.923161
5066.955500 0.924745
5067.942000 0.924813
5068.928500 0.925093
5069.915000 0.921194
5070.901500 0.922209
5071.887900 0.923147
5072.874400 0.926692
5073.860900 0.924079
5074.847400 0.922425
5075.833900 0.922459
5076.820400 0.926488
5077.806900 0.926207
5078.793400 0.922301
5079.779900 0.924889
5080.766400 0.92472
5081.752900 0.924903
5082.739400 0.9206
5083.725900 0.919825
5084.712400 0.924684
5085.698800 0.923689
5086.685300 0.921692
5087.671800 0.922639
5088.658300 0.924536
5089.644800 0.923467
5090.631300 0.922131
5091.617800 0.923818
5092.604300 0.923095
5093.590800 0.922733
5094.577300 0.92365
5095.563800 0.923805
5096.550300 0.92224
5097.536800 0.921193
5098.523300 0.921911
5099.509800 0.92334
5100.496200 0.922634
5101.482700 0.921501
5102.469200 0.922923
5103.455700 0.922707
5104.442200 0.924444
5105.428700 0.922589
5106.415200 0.919992
5107.401700 0.922771
5108.388200 0.923755
5109.374700 0.921383
5110.361200 0.919648
5111.347700 0.921169
5112.334200 0.922148
5113.320700 0.920297
5114.307200 0.918183
5115.293600 0.919078
5116.280100 0.920231
5117.266600 0.920952
5118.253100 0.920113
5119.239600 0.920983
5120.226100 0.915848
5121.212600 0.919505
5122.199100 0.919719
5123.185600 0.921209
5124.172100 0.924428
5125.158600 0.918706
5126.145100 0.922856
5127.131600 0.923542
5128.118100 0.916496
5129.104600 0.920535
5130.091000 0.919921
5131.077500 0.919358
5132.064000 0.921069
5133.050500 0.916035
5134.037000 0.918916
5135.023500 0.921978
5136.010000 0.917829
5136.996500 0.919157
5137.983000 0.919964
5138.969500 0.917163
5139.956000 0.918134
5140.942500 0.922077
5141.929000 0.920101
5142.915500 0.917579
5143.902000 0.918864
5144.888400 0.91765
5145.874900 0.920423
5146.861400 0.918223
5147.847900 0.918428
5148.834400 0.917398
5149.820900 0.91651
5150.807400 0.916971
5151.793900 0.917701
5152.780400 0.913426
5153.766900 0.916733
5154.753400 0.915824
5155.739900 0.916164
5156.726400 0.916044
5157.712900 0.917404
5158.699300 0.915021
5159.685800 0.91515
5160.672300 0.914822
5161.658800 0.916288
5162.645300 0.916021
5163.631800 0.91696
5164.618300 0.913051
5165.604800 0.91696
5166.591300 0.914108
5167.577800 0.912739
5168.564300 0.91432
5169.550800 0.912608
5170.537300 0.912433
5171.523800 0.915185
5172.510300 0.914229
5173.496700 0.915767
5174.483200 0.914323
5175.469700 0.913151
5176.456200 0.917103
5177.442700 0.916927
5178.429200 0.913932
5179.415700 0.915799
5180.402200 0.913439
5181.388700 0.911174
5182.375200 0.91478
5183.361700 0.913894
5184.348200 0.913738
5185.334700 0.913285
5186.321200 0.915113
5187.307700 0.914006
5188.294100 0.912448
5189.280600 0.912968
5190.267100 0.915582
5191.253600 0.91215
5192.240100 0.914687
5193.226600 0.913251
5194.213100 0.913479
5195.199600 0.91534
5196.186100 0.913119
5197.172600 0.909278
5198.159100 0.912789
5199.145600 0.915518
5200.132100 0.910992
5201.118600 0.916165
5202.105100 0.914507
5203.091500 0.914952
5204.078000 0.915498
5205.064500 0.915613
5206.051000 0.912081
5207.037500 0.913068
5208.024000 0.913673
5209.010500 0.912886
5209.997000 0.91468
5210.983500 0.915049
5211.970000 0.914431
5212.956500 0.915717
5213.943000 0.913824
5214.929500 0.915812
5215.916000 0.918083
5216.902500 0.91575
5217.888900 0.911707
5218.875400 0.913226
5219.861900 0.915537
5220.848400 0.918667
5221.834900 0.915728
5222.821400 0.918819
5223.807900 0.916966
5224.794400 0.919079
5225.780900 0.913826
5226.767400 0.918542
5227.753900 0.920779
5228.740400 0.919956
5229.726900 0.921107
5230.713400 0.922127
5231.699800 0.919634
5232.686300 0.919552
5233.672800 0.919381
5234.659300 0.918378
5235.645800 0.91957
5236.632300 0.921568
5237.618800 0.920902
5238.605300 0.923245
5239.591800 0.921714
5240.578300 0.923946
5241.564800 0.923437
5242.551300 0.921277
5243.537800 0.922105
5244.524300 0.921839
5245.510800 0.920647
5246.497200 0.919629
5247.483700 0.919659
5248.470200 0.924021
5249.456700 0.921876
5250.443200 0.919251
5251.429700 0.919695
5252.416200 0.919994
5253.402700 0.921108
5254.389200 0.921662
5255.375700 0.921088
5256.362200 0.920331
5257.348700 0.920298
5258.335200 0.920136
5259.321700 0.918158
5260.308200 0.920336
5261.294600 0.921519
5262.281100 0.91953
5263.267600 0.918999
5264.254100 0.919745
5265.240600 0.917219
5266.227100 0.91877
5267.213600 0.916978
5268.200100 0.916607
5269.186600 0.917796
5270.173100 0.917186
5271.159600 0.914916
5272.146100 0.913142
5273.132600 0.915101
5274.119100 0.912501
5275.105600 0.911764
5276.092000 0.912493
5277.078500 0.910872
5278.065000 0.911261
5279.051500 0.910068
5280.038000 0.907171
5281.024500 0.911752
5282.011000 0.905128
5282.997500 0.907159
5283.984000 0.905864
5284.970500 0.904797
5285.957000 0.902405
5286.943500 0.905357
5287.930000 0.900199
5288.916500 0.904715
5289.903000 0.906869
5290.889400 0.904522
5291.875900 0.903453
5292.862400 0.902424
5293.848900 0.900838
5294.835400 0.902708
5295.821900 0.90341
5296.808400 0.90341
5297.794900 0.901389
5298.781400 0.899983
5299.767900 0.90364
5300.754400 0.902004
5301.740900 0.902271
5302.727400 0.899485
5303.713900 0.899697
5304.700400 0.90154
5305.686800 0.898258
5306.673300 0.903244
5307.659800 0.90086
5308.646300 0.899972
5309.632800 0.899626
5310.619300 0.902003
5311.605800 0.904079
5312.592300 0.903476
5313.578800 0.9006
5314.565300 0.903265
5315.551800 0.902876
5316.538300 0.903746
5317.524800 0.903569
5318.511300 0.904681
5319.497700 0.902479
5320.484200 0.902336
5321.470700 0.906395
5322.457200 0.905763
5323.443700 0.905062
5324.430200 0.907542
5325.416700 0.907929
5326.403200 0.910882
5327.389700 0.909885
5328.376200 0.909294
5329.362700 0.906459
5330.349200 0.909343
5331.335700 0.911091
5332.322200 0.909984
5333.308700 0.909702
5334.295100 0.907991
5335.281600 0.909743
5336.268100 0.913301
5337.254600 0.914252
5338.241100 0.911842
5339.227600 0.910607
5340.214100 0.912558
5341.200600 0.915506
5342.187100 0.911829
5343.173600 0.915135
5344.160100 0.91497
5345.146600 0.914708
5346.133100 0.911925
5347.119600 0.913456
5348.106100 0.915439
5349.092500 0.914244
5350.079000 0.916614
5351.065500 0.91188
5352.052000 0.914864
5353.038500 0.914265
5354.025000 0.912726
5355.011500 0.914065
5355.998000 0.910854
5356.984500 0.912209
5357.971000 0.915588
5358.957500 0.90677
5359.944000 0.912621
5360.930500 0.91195
5361.917000 0.908459
5362.903500 0.909629
5363.889900 0.910755
5364.876400 0.90987
5365.862900 0.910369
5366.849400 0.911578
5367.835900 0.913502
5368.822400 0.908318
5369.808900 0.908076
5370.795400 0.910312
5371.781900 0.909719
5372.768400 0.908405
5373.754900 0.906531
5374.741400 0.909026
5375.727900 0.907574
5376.714400 0.906269
5377.700900 0.904539
5378.687300 0.903604
5379.673800 0.908498
5380.660300 0.90533
5381.646800 0.904085
5382.633300 0.905856
5383.619800 0.905185
5384.606300 0.90717
5385.592800 0.906875
5386.579300 0.907531
5387.565800 0.903727
5388.552300 0.901222
5389.538800 0.901476
5390.525300 0.903751
5391.511800 0.902453
5392.498200 0.90246
5393.484700 0.905177
5394.471200 0.902308
5395.457700 0.904534
5396.444200 0.901115
5397.430700 0.899579
5398.417200 0.899919
5399.403700 0.900088
5400.390200 0.897606
5401.376700 0.897144
5402.363200 0.897138
5403.349700 0.897331
5404.336200 0.895393
5405.322700 0.893786
5406.309200 0.897766
5407.295600 0.895267
5408.282100 0.893289
5409.268600 0.892981
5410.255100 0.89198
5411.241600 0.892719
5412.228100 0.890735
5413.214600 0.891507
5414.201100 0.889627
5415.187600 0.888021
5416.174100 0.883414
5417.160600 0.887219
5418.147100 0.88691
5419.133600 0.881739
5420.120100 0.882304
5421.106600 0.880502
5422.093000 0.881925
5423.079500 0.880595
5424.066000 0.878371
5425.052500 0.877453
5426.039000 0.875094
5427.025500 0.875429
5428.012000 0.878248
5428.998500 0.871403
5429.985000 0.87205
5430.971500 0.871458
5431.958000 0.871737
5432.944500 0.866785
5433.931000 0.867117
5434.917500 0.864671
5435.904000 0.861327
5436.890400 0.860557
5437.876900 0.858403
5438.863400 0.858122
5439.849900 0.850762
5440.836400 0.847414
5441.822900 0.840296
5442.809400 0.836069
5443.795900 0.833202
5444.782400 0.823418
5445.768900 0.812565
5446.755400 0.800652
5447.741900 0.795125
5448.728400 0.778546
5449.714900 0.772794
5450.701400 0.749838
5451.687800 0.739336
5452.674300 0.717189
5453.660800 0.703976
5454.647300 0.675995
5455.633800 0.664174
5456.620300 0.643261
5457.606800 0.616941
5458.593300 0.601028
5459.579800 0.569175
5460.566300 0.551884
5461.552800 0.517071
5462.539300 0.498665
5463.525800 0.464102
5464.512300 0.447879
5465.498700 0.41319
5466.485200 0.397033
5467.471700 0.364182
5468.458200 0.348683
5469.444700 0.325165
5470.431200 0.304535
5471.417700 0.292206
5472.404200 0.2644
5473.390700 0.252577
5474.377200 0.229141
5475.363700 0.216712
5476.350200 0.196577
5477.336700 0.187255
5478.323200 0.168533
5479.309700 0.160537
5480.296100 0.145255
5481.282600 0.137812
5482.269100 0.124815
5483.255600 0.118459
5484.242100 0.108241
5485.228600 0.101308
5486.215100 0.0963138
5487.201600 0.086811
5488.188100 0.083218
5489.174600 0.0746904
5490.161100 0.071438
5491.147600 0.064687
5492.134100 0.0612124
5493.120600 0.0564411
5494.107100 0.0534397
5495.093500 0.0485671
5496.080000 0.0462345
5497.066500 0.0421274
5498.053000 0.0403554
5499.039500 0.036765
5500.026000 0.0353917
5501.012500 0.0326316
5501.999000 0.0296798
5502.985500 0.0283651
5503.972000 0.0272148
5504.958500 0.0244442
5505.945000 0.0238435
5506.931500 0.0216997
5507.918000 0.0213093
5508.904500 0.019466
5509.890900 0.0183134
5510.877400 0.0173509
5511.863900 0.0166549
5512.850400 0.015363
5513.836900 0.0147291
5514.823400 0.0137975
5515.809900 0.01333
5516.796400 0.0123833
5517.782900 0.0118495
5518.769400 0.0109961
5519.755900 0.0106841
5520.742400 0.0100128
5521.728900 0.00956593
5522.715400 0.00904571
5523.701900 0.00866756
5524.688300 0.00828731
5525.674800 0.00781739
5526.661300 0.00733187
5527.647800 0.00716654
5528.634300 0.00676513
5529.620800 0.00663545
5530.607300 0.00633879
5531.593800 0.00608402
5532.580300 0.00570895
5533.566800 0.00547394
5534.553300 0.00520163
5535.539800 0.00525038
5536.526300 0.00494858
5537.512800 0.00469559
5538.499200 0.00432138
5539.485700 0.00428633
5540.472200 0.00411486
5541.458700 0.00410002
5542.445200 0.00393508
5543.431700 0.00383334
5544.418200 0.00351445
5545.404700 0.00358413
5546.391200 0.00342929
5547.377700 0.00332163
5548.364200 0.00316064
5549.350700 0.00303372
5550.337200 0.0029774
5551.323700 0.0029059
5552.310200 0.00269008
5553.296600 0.00268762
5554.283100 0.00254095
5555.269600 0.00257255
5556.256100 0.00237509
5557.242600 0.0024899
5558.229100 0.00231554
5559.215600 0.00238704
5560.202100 0.00225715
5561.188600 0.0022268
5562.175100 0.00206092
5563.161600 0.00198474
5564.148100 0.00201422
5565.134600 0.00194568
5566.121100 0.00200908
5567.107600 0.00196842
5568.094000 0.00171999
5569.080500 0.00189348
5570.067000 0.00180214
5571.053500 0.00167763
5572.040000 0.00150366
5573.026500 0.00165547
5574.013000 0.00169764
5574.999500 0.00163671
5575.986000 0.00165556
5576.972500 0.00139174
5577.959000 0.00159528
5578.945500 0.00138574
5579.932000 0.00144904
5580.918500 0.00125111
5581.905000 0.00136465
5582.891400 0.00130332
5583.877900 0.00119676
5584.864400 0.00126721
5585.850900 0.00130292
5586.837400 0.00126206
5587.823900 0.00118955
5588.810400 0.0011992
5589.796900 0.0011592
5590.783400 0.00107856
5591.769900 0.0010811
5592.756400 0.00109652
5593.742900 0.00106626
5594.729400 0.00112856
5595.715900 0.0010419
5596.702400 0.00110293
5597.688800 0.000961488
5598.675300 0.00102806
5599.661800 0.000974383
5600.648300 0.00098039
5601.634800 0.000935634
5602.621300 0.000889085
5603.607800 0.000911861
5604.594300 0.000845244
5605.580800 0.000799194
5606.567300 0.000911715
5607.553800 0.00089264
5608.540300 0.000824388
5609.526800 0.000826648
5610.513300 0.000793565
5611.499700 0.000802295
5612.486200 0.000787889
5613.472700 0.000884129
5614.459200 0.000845583
5615.445700 0.000784417
5616.432200 0.000736666
5617.418700 0.000782978
5618.405200 0.000768325
5619.391700 0.000781161
5620.378200 0.000763094
5621.364700 0.000722558
5622.351200 0.00075783
5623.337700 0.000750356
5624.324200 0.00067191
5625.310700 0.000700375
5626.297100 0.000794422
5627.283600 0.000697085
5628.270100 0.000683608
5629.256600 0.000633925
5630.243100 0.000693027
5631.229600 0.000677737
5632.216100 0.000635907
5633.202600 0.000724243
5634.189100 0.000644765
5635.175600 0.000740533
5636.162100 0.000638206
5637.148600 0.00063073
5638.135100 0.000613045
5639.121600 0.000629302
5640.108100 0.000599674
5641.094500 0.000639787
5642.081000 0.000629675
5643.067500 0.000527193
5644.054000 0.000641974
5645.040500 0.000552472
5646.027000 0.000570111
5647.013500 0.000501435
5648.000000 0.00046911
