6766.000000 0.00019326
6768.000000 0.0002067
6770.000000 0.00022014
6772.000000 0.000225818
6774.000000 0.000231496
6776.000000 0.000237174
6778.000000 0.000242852
6780.000000 0.00024853
6782.000000 0.000246388
6784.000000 0.000244246
6786.000000 0.000242104
6788.000000 0.000239962
6790.000000 0.00023782
6792.000000 0.000242414
6794.000000 0.000247008
6796.000000 0.000251602
6798.000000 0.000256196
6800.000000 0.00026079
6802.000000 0.000278392
6804.000000 0.000295994
6806.000000 0.000313596
6808.000000 0.000331198
6810.000000 0.0003488
6812.000000 0.000357966
6814.000000 0.000367132
6816.000000 0.000376298
6818.000000 0.000385464
6820.000000 0.00039463
6822.000000 0.000397152
6824.000000 0.000399674
6826.000000 0.000402196
6828.000000 0.000404718
6830.000000 0.00040724
6832.000000 0.000430318
6834.000000 0.000453396
6836.000000 0.000476474
6838.000000 0.000499552
6840.000000 0.00052263
6842.000000 0.000556664
6844.000000 0.000590698
6846.000000 0.000624732
6848.000000 0.000658766
6850.000000 0.0006928
6852.000000 0.000713762
6854.000000 0.000734724
6856.000000 0.000755686
6858.000000 0.000776648
6860.000000 0.00079761
6862.000000 0.00083401
6864.000000 0.00087041
6866.000000 0.00090681
6868.000000 0.00094321
6870.000000 0.00097961
6872.000000 0.00101871
6874.000000 0.00105781
6876.000000 0.0010969
6878.000000 0.001136
6880.000000 0.0011751
6882.000000 0.00121614
6884.000000 0.00125717
6886.000000 0.00129821
6888.000000 0.00133924
6890.000000 0.00138028
6892.000000 0.00142854
6894.000000 0.00147679
6896.000000 0.00152505
6898.000000 0.0015733
6900.000000 0.00162156
6902.000000 0.00168553
6904.000000 0.0017495
6906.000000 0.00181348
6908.000000 0.00187745
6910.000000 0.00194142
6912.000000 0.00199134
6914.000000 0.00204126
6916.000000 0.00209117
6918.000000 0.00214109
6920.000000 0.00219101
6922.000000 0.00223579
6924.000000 0.00228057
6926.000000 0.00232535
6928.000000 0.00237013
6930.000000 0.00241491
6932.000000 0.00246502
6934.000000 0.00251513
6936.000000 0.00256523
6938.000000 0.00261534
6940.000000 0.00266545
6942.000000 0.00272834
6944.000000 0.00279124
6946.000000 0.00285413
6948.000000 0.00291703
6950.000000 0.00297992
6952.000000 0.00306009
6954.000000 0.00314026
6956.000000 0.00322044
6958.000000 0.00330061
6960.000000 0.00338078
6962.000000 0.00344903
6964.000000 0.00351728
6966.000000 0.00358554
6968.000000 0.00365379
6970.000000 0.00372204
6972.000000 0.00383972
6974.000000 0.0039574
6976.000000 0.00407509
6978.000000 0.00419277
6980.000000 0.00431045
6982.000000 0.00443105
6984.000000 0.00455165
6986.000000 0.00467224
6988.000000 0.00479284
6990.000000 0.00491344
6992.000000 0.00510545
6994.000000 0.00529746
6996.000000 0.00548947
6998.000000 0.00568148
7000.000000 0.00587349
7002.000000 0.00610354
7004.000000 0.00633359
7006.000000 0.00656365
7008.000000 0.0067937
7010.000000 0.00702375
7012.000000 0.00732746
7014.000000 0.00763116
7016.000000 0.00793487
7018.000000 0.00823857
7020.000000 0.00854228
7022.000000 0.00895234
7024.000000 0.00936241
7026.000000 0.00977247
7028.000000 0.0101825
7030.000000 0.0105926
7032.000000 0.0111117
7034.000000 0.0116308
7036.000000 0.0121498
7038.000000 0.0126689
7040.000000 0.013188
7042.000000 0.0138984
7044.000000 0.0146088
7046.000000 0.0153193
7048.000000 0.0160297
7050.000000 0.0167401
7052.000000 0.0176912
7054.000000 0.0186423
7056.000000 0.0195934
7058.000000 0.0205445
7060.000000 0.0214956
7062.000000 0.0227312
7064.000000 0.0239667
7066.000000 0.0252023
7068.000000 0.0264378
7070.000000 0.0276734
7072.000000 0.0293103
7074.000000 0.0309473
7076.000000 0.0325842
7078.000000 0.0342212
7080.000000 0.0358581
7082.000000 0.0378713
7084.000000 0.0398845
7086.000000 0.0418978
7088.000000 0.043911
7090.000000 0.0459242
7092.000000 0.0484782
7094.000000 0.0510322
7096.000000 0.0535862
7098.000000 0.0561402
7100.000000 0.0586942
7102.000000 0.0616721
7104.000000 0.06465
7106.000000 0.0676279
7108.000000 0.0706058
7110.000000 0.0735837
7112.000000 0.0771412
7114.000000 0.0806988
7116.000000 0.0842563
7118.000000 0.0878139
7120.000000 0.0913714
7122.000000 0.0956379
7124.000000 0.0999044
7126.000000 0.104171
7128.000000 0.108437
7130.000000 0.112704
7132.000000 0.117532
7134.000000 0.122361
7136.000000 0.127189
7138.000000 0.132018
7140.000000 0.136846
7142.000000 0.142473
7144.000000 0.1481
7146.000000 0.153726
7148.000000 0.159353
7150.000000 0.16498
7152.000000 0.171644
7154.000000 0.178307
7156.000000 0.184971
7158.000000 0.191634
7160.000000 0.198298
7162.000000 0.206371
7164.000000 0.214444
7166.000000 0.222517
7168.000000 0.23059
7170.000000 0.238663
7172.000000 0.248156
7174.000000 0.257649
7176.000000 0.267143
7178.000000 0.276636
7180.000000 0.286129
7182.000000 0.298011
7184.000000 0.309892
7186.000000 0.321774
7188.000000 0.333655
7190.000000 0.345537
7192.000000 0.359652
7194.000000 0.373767
7196.000000 0.387881
7198.000000 0.401996
7200.000000 0.416111
7202.000000 0.43206
7204.000000 0.44801
7206.000000 0.463959
7208.000000 0.479909
7210.000000 0.495858
7212.000000 0.513792
7214.000000 0.531727
7216.000000 0.549661
7218.000000 0.567596
7220.000000 0.58553
7222.000000 0.604193
7224.000000 0.622856
7226.000000 0.64152
7228.000000 0.660183
7230.000000 0.678846
7232.000000 0.696456
7234.000000 0.714066
7236.000000 0.731675
7238.000000 0.749285
7240.000000 0.766895
7242.000000 0.782066
7244.000000 0.797238
7246.000000 0.812409
7248.000000 0.827581
7250.000000 0.842752
7252.000000 0.854999
7254.000000 0.867246
7256.000000 0.879493
7258.000000 0.89174
7260.000000 0.903987
7262.000000 0.911824
7264.000000 0.919662
7266.000000 0.927499
7268.000000 0.935337
7270.000000 0.943174
7272.000000 0.948617
7274.000000 0.95406
7276.000000 0.959504
7278.000000 0.964947
7280.000000 0.97039
7282.000000 0.973553
7284.000000 0.976716
7286.000000 0.97988
7288.000000 0.983043
7290.000000 0.986206
7292.000000 0.987285
7294.000000 0.988365
7296.000000 0.989444
7298.000000 0.990524
7300.000000 0.991603
7302.000000 0.992138
7304.000000 0.992673
7306.000000 0.993208
7308.000000 0.993743
7310.000000 0.994278
7312.000000 0.994133
7314.000000 0.993987
7316.000000 0.993842
7318.000000 0.993696
7320.000000 0.993551
7322.000000 0.993176
7324.000000 0.9928
7326.000000 0.992425
7328.000000 0.992049
7330.000000 0.991674
7332.000000 0.991875
7334.000000 0.992075
7336.000000 0.992276
7338.000000 0.992476
7340.000000 0.992677
7342.000000 0.992571
7344.000000 0.992465
7346.000000 0.992359
7348.000000 0.992253
7350.000000 0.992147
7352.000000 0.992405
7354.000000 0.992663
7356.000000 0.992922
7358.000000 0.99318
7360.000000 0.993438
7362.000000 0.993748
7364.000000 0.994059
7366.000000 0.994369
7368.000000 0.99468
7370.000000 0.99499
7372.000000 0.99547
7374.000000 0.99595
7376.000000 0.996429
7378.000000 0.996909
7380.000000 0.997389
7382.000000 0.997099
7384.000000 0.996808
7386.000000 0.996518
7388.000000 0.996227
7390.000000 0.995937
7392.000000 0.995961
7394.000000 0.995986
7396.000000 0.99601
7398.000000 0.996035
7400.000000 0.996059
7402.000000 0.996335
7404.000000 0.996611
7406.000000 0.996886
7408.000000 0.997162
7410.000000 0.997438
7412.000000 0.996984
7414.000000 0.99653
7416.000000 0.996076
7418.000000 0.995622
7420.000000 0.995168
7422.000000 0.995177
7424.000000 0.995185
7426.000000 0.995194
7428.000000 0.995202
7430.000000 0.995211
7432.000000 0.995416
7434.000000 0.995621
7436.000000 0.995826
7438.000000 0.996031
7440.000000 0.996236
7442.000000 0.996368
7444.000000 0.996501
7446.000000 0.996633
7448.000000 0.996766
7450.000000 0.996898
7452.000000 0.996908
7454.000000 0.996917
7456.000000 0.996927
7458.000000 0.996936
7460.000000 0.996946
7462.000000 0.997015
7464.000000 0.997083
7466.000000 0.997152
7468.000000 0.99722
7470.000000 0.997289
7472.000000 0.996956
7474.000000 0.996623
7476.000000 0.99629
7478.000000 0.995957
7480.000000 0.995624
7482.000000 0.995993
7484.000000 0.996362
7486.000000 0.996731
7488.000000 0.9971
7490.000000 0.997469
7492.000000 0.997771
7494.000000 0.998074
7496.000000 0.998376
7498.000000 0.998679
7500.000000 0.998981
7502.000000 0.998344
7504.000000 0.997707
7506.000000 0.997069
7508.000000 0.996432
7510.000000 0.995795
7512.000000 0.996062
7514.000000 0.996328
7516.000000 0.996595
7518.000000 0.996861
7520.000000 0.997128
7522.000000 0.997023
7524.000000 0.996918
7526.000000 0.996813
7528.000000 0.996708
7530.000000 0.996603
7532.000000 0.996369
7534.000000 0.996136
7536.000000 0.995902
7538.000000 0.995669
7540.000000 0.995435
7542.000000 0.99587
7544.000000 0.996305
7546.000000 0.99674
7548.000000 0.997175
7550.000000 0.99761
7552.000000 0.997436
7554.000000 0.997262
7556.000000 0.997088
7558.000000 0.996914
7560.000000 0.99674
7562.000000 0.996644
7564.000000 0.996548
7566.000000 0.996452
7568.000000 0.996356
7570.000000 0.99626
7572.000000 0.996301
7574.000000 0.996342
7576.000000 0.996384
7578.000000 0.996425
7580.000000 0.996466
7582.000000 0.996639
7584.000000 0.996812
7586.000000 0.996985
7588.000000 0.997158
7590.000000 0.997331
7592.000000 0.997195
7594.000000 0.997059
7596.000000 0.996924
7598.000000 0.996788
7600.000000 0.996652
7602.000000 0.996765
7604.000000 0.996878
7606.000000 0.996992
7608.000000 0.997105
7610.000000 0.997218
7612.000000 0.997125
7614.000000 0.997032
7616.000000 0.99694
7618.000000 0.996847
7620.000000 0.996754
7622.000000 0.996694
7624.000000 0.996634
7626.000000 0.996575
7628.000000 0.996515
7630.000000 0.996455
7632.000000 0.996821
7634.000000 0.997186
7636.000000 0.997552
7638.000000 0.997917
7640.000000 0.998283
7642.000000 0.99834
7644.000000 0.998396
7646.000000 0.998453
7648.000000 0.998509
7650.000000 0.998566
7652.000000 0.997994
7654.000000 0.997422
7656.000000 0.996851
7658.000000 0.996279
7660.000000 0.995707
7662.000000 0.995879
7664.000000 0.996051
7666.000000 0.996223
7668.000000 0.996395
7670.000000 0.996567
7672.000000 0.996707
7674.000000 0.996847
7676.000000 0.996987
7678.000000 0.997127
7680.000000 0.997267
7682.000000 0.997565
7684.000000 0.997863
7686.000000 0.998162
7688.000000 0.99846
7690.000000 0.998758
7692.000000 0.998331
7694.000000 0.997904
7696.000000 0.997477
7698.000000 0.99705
7700.000000 0.996623
7702.000000 0.996767
7704.000000 0.996911
7706.000000 0.997054
7708.000000 0.997198
7710.000000 0.997342
7712.000000 0.997375
7714.000000 0.997407
7716.000000 0.99744
7718.000000 0.997472
7720.000000 0.997505
7722.000000 0.997044
7724.000000 0.996583
7726.000000 0.996122
7728.000000 0.995661
7730.000000 0.9952
7732.000000 0.995518
7734.000000 0.995835
7736.000000 0.996153
7738.000000 0.99647
7740.000000 0.996788
7742.000000 0.996465
7744.000000 0.996142
7746.000000 0.995819
7748.000000 0.995496
7750.000000 0.995173
7752.000000 0.995623
7754.000000 0.996073
7756.000000 0.996524
7758.000000 0.996974
7760.000000 0.997424
7762.000000 0.997822
7764.000000 0.99822
7766.000000 0.998618
7768.000000 0.999016
7770.000000 0.999414
7772.000000 0.999038
7774.000000 0.998661
7776.000000 0.998285
7778.000000 0.997908
7780.000000 0.997532
7782.000000 0.997591
7784.000000 0.997651
7786.000000 0.99771
7788.000000 0.99777
7790.000000 0.997829
7792.000000 0.997583
7794.000000 0.997337
7796.000000 0.997092
7798.000000 0.996846
7800.000000 0.9966
7802.000000 0.997183
7804.000000 0.997766
7806.000000 0.998348
7808.000000 0.998931
7810.000000 0.999514
7812.000000 0.998866
7814.000000 0.998217
7816.000000 0.997569
7818.000000 0.99692
7820.000000 0.996272
7822.000000 0.99688
7824.000000 0.997488
7826.000000 0.998096
7828.000000 0.998704
7830.000000 0.999312
7832.000000 0.998788
7834.000000 0.998264
7836.000000 0.997741
7838.000000 0.997217
7840.000000 0.996693
7842.000000 0.996989
7844.000000 0.997286
7846.000000 0.997582
7848.000000 0.997879
7850.000000 0.998175
7852.000000 0.997889
7854.000000 0.997603
7856.000000 0.997318
7858.000000 0.997032
7860.000000 0.996746
7862.000000 0.996792
7864.000000 0.996838
7866.000000 0.996884
7868.000000 0.99693
7870.000000 0.996976
7872.000000 0.997499
7874.000000 0.998023
7876.000000 0.998546
7878.000000 0.99907
7880.000000 0.999593
7882.000000 0.999113
7884.000000 0.998633
7886.000000 0.998154
7888.000000 0.997674
7890.000000 0.997194
7892.000000 0.997403
7894.000000 0.997612
7896.000000 0.997821
7898.000000 0.99803
7900.000000 0.998239
7902.000000 0.998166
7904.000000 0.998092
7906.000000 0.998019
7908.000000 0.997945
7910.000000 0.997872
7912.000000 0.997417
7914.000000 0.996962
7916.000000 0.996506
7918.000000 0.996051
7920.000000 0.995596
7922.000000 0.99616
7924.000000 0.996725
7926.000000 0.997289
7928.000000 0.997854
7930.000000 0.998418
7932.000000 0.998711
7934.000000 0.999004
7936.000000 0.999297
7938.000000 0.99959
7940.000000 0.999883
7942.000000 0.999678
7944.000000 0.999472
7946.000000 0.999267
7948.000000 0.999061
7950.000000 0.998856
7952.000000 0.998983
7954.000000 0.999109
7956.000000 0.999236
7958.000000 0.999362
7960.000000 0.999489
7962.000000 0.999141
7964.000000 0.998793
7966.000000 0.998445
7968.000000 0.998097
7970.000000 0.997749
7972.000000 0.997401
7974.000000 0.997053
7976.000000 0.996705
7978.000000 0.996357
7980.000000 0.996009
7982.000000 0.996177
7984.000000 0.996345
7986.000000 0.996513
7988.000000 0.996681
7990.000000 0.996849
7992.000000 0.997214
7994.000000 0.997579
7996.000000 0.997943
7998.000000 0.998308
8000.000000 0.998673
8002.000000 0.998856
8004.000000 0.999038
8006.000000 0.999221
8008.000000 0.999403
8010.000000 0.999586
8012.000000 0.9992
8014.000000 0.998813
8016.000000 0.998427
8018.000000 0.99804
8020.000000 0.997654
8022.000000 0.997654
8024.000000 0.997654
8026.000000 0.997653
8028.000000 0.997653
8030.000000 0.997653
8032.000000 0.997653
8034.000000 0.997653
8036.000000 0.997652
8038.000000 0.997652
8040.000000 0.997652
8042.000000 0.997971
8044.000000 0.99829
8046.000000 0.99861
8048.000000 0.998929
8050.000000 0.999248
8052.000000 0.99886
8054.000000 0.998473
8056.000000 0.998085
8058.000000 0.997698
8060.000000 0.99731
8062.000000 0.997686
8064.000000 0.998061
8066.000000 0.998437
8068.000000 0.998812
8070.000000 0.999188
8072.000000 0.999266
8074.000000 0.999345
8076.000000 0.999423
8078.000000 0.999502
8080.000000 0.99958
8082.000000 0.998933
8084.000000 0.998286
8086.000000 0.997639
8088.000000 0.996992
8090.000000 0.996345
8092.000000 0.996739
8094.000000 0.997133
8096.000000 0.997528
8098.000000 0.997922
8100.000000 0.998316
8102.000000 0.998361
8104.000000 0.998406
8106.000000 0.99845
8108.000000 0.998495
8110.000000 0.99854
8112.000000 0.998576
8114.000000 0.998611
8116.000000 0.998647
8118.000000 0.998682
8120.000000 0.998718
8122.000000 0.998678
8124.000000 0.998638
8126.000000 0.998598
8128.000000 0.998558
8130.000000 0.998518
8132.000000 0.998478
8134.000000 0.998438
8136.000000 0.998398
8138.000000 0.998358
8140.000000 0.998318
8142.000000 0.9981
8144.000000 0.997882
8146.000000 0.997663
8148.000000 0.997445
8150.000000 0.997227
8152.000000 0.997244
8154.000000 0.997261
8156.000000 0.997277
8158.000000 0.997294
8160.000000 0.997311
8162.000000 0.997252
8164.000000 0.997194
8166.000000 0.997135
8168.000000 0.997077
8170.000000 0.997018
8172.000000 0.99715
8174.000000 0.997282
8176.000000 0.997415
8178.000000 0.997547
8180.000000 0.997679
8182.000000 0.997918
8184.000000 0.998157
8186.000000 0.998397
8188.000000 0.998636
8190.000000 0.998875
8192.000000 0.998539
8194.000000 0.998203
8196.000000 0.997866
8198.000000 0.99753
8200.000000 0.997194
8202.000000 0.996808
8204.000000 0.996421
8206.000000 0.996035
8208.000000 0.995648
8210.000000 0.995262
8212.000000 0.995582
8214.000000 0.995902
8216.000000 0.996221
8218.000000 0.996541
8220.000000 0.996861
8222.000000 0.997401
8224.000000 0.997941
8226.000000 0.998481
8228.000000 0.999021
8230.000000 0.999561
8232.000000 0.998818
8234.000000 0.998075
8236.000000 0.997332
8238.000000 0.996589
8240.000000 0.995846
8242.000000 0.99652
8244.000000 0.997194
8246.000000 0.997867
8248.000000 0.998541
8250.000000 0.999215
8252.000000 0.998999
8254.000000 0.998783
8256.000000 0.998566
8258.000000 0.99835
8260.000000 0.998134
8262.000000 0.997822
8264.000000 0.99751
8266.000000 0.997199
8268.000000 0.996887
8270.000000 0.996575
8272.000000 0.997136
8274.000000 0.997698
8276.000000 0.998259
8278.000000 0.998821
8280.000000 0.999382
8282.000000 0.999024
8284.000000 0.998666
8286.000000 0.998309
8288.000000 0.997951
8290.000000 0.997593
8292.000000 0.997846
8294.000000 0.9981
8296.000000 0.998353
8298.000000 0.998607
8300.000000 0.99886
8302.000000 0.998705
8304.000000 0.99855
8306.000000 0.998395
8308.000000 0.99824
8310.000000 0.998085
8312.000000 0.997795
8314.000000 0.997505
8316.000000 0.997214
8318.000000 0.996924
8320.000000 0.996634
8322.000000 0.997168
8324.000000 0.997701
8326.000000 0.998235
8328.000000 0.998768
8330.000000 0.999302
8332.000000 0.99853
8334.000000 0.997758
8336.000000 0.996986
8338.000000 0.996214
8340.000000 0.995442
8342.000000 0.995834
8344.000000 0.996226
8346.000000 0.996618
8348.000000 0.99701
8350.000000 0.997402
8352.000000 0.997354
8354.000000 0.997307
8356.000000 0.997259
8358.000000 0.997212
8360.000000 0.997164
8362.000000 0.997166
8364.000000 0.997168
8366.000000 0.997171
8368.000000 0.997173
8370.000000 0.997175
8372.000000 0.997166
8374.000000 0.997158
8376.000000 0.997149
8378.000000 0.997141
8380.000000 0.997132
8382.000000 0.996396
8384.000000 0.99566
8386.000000 0.994924
8388.000000 0.994188
8390.000000 0.993452
8392.000000 0.993919
8394.000000 0.994386
8396.000000 0.994854
8398.000000 0.995321
8400.000000 0.995788
8402.000000 0.995622
8404.000000 0.995456
8406.000000 0.99529
8408.000000 0.995124
8410.000000 0.994958
8412.000000 0.995
8414.000000 0.995043
8416.000000 0.995085
8418.000000 0.995128
8420.000000 0.99517
8422.000000 0.994738
8424.000000 0.994305
8426.000000 0.993873
8428.000000 0.99344
8430.000000 0.993008
8432.000000 0.993583
8434.000000 0.994157
8436.000000 0.994732
8438.000000 0.995306
8440.000000 0.995881
8442.000000 0.995992
8444.000000 0.996104
8446.000000 0.996215
8448.000000 0.996327
8450.000000 0.996438
8452.000000 0.9967
8454.000000 0.996962
8456.000000 0.997225
8458.000000 0.997487
8460.000000 0.997749
8462.000000 0.997117
8464.000000 0.996484
8466.000000 0.995852
8468.000000 0.995219
8470.000000 0.994587
8472.000000 0.9953
8474.000000 0.996014
8476.000000 0.996727
8478.000000 0.997441
8480.000000 0.998154
8482.000000 0.997228
8484.000000 0.996303
8486.000000 0.995377
8488.000000 0.994452
8490.000000 0.993526
8492.000000 0.993673
8494.000000 0.993821
8496.000000 0.993968
8498.000000 0.994116
8500.000000 0.994263
8502.000000 0.995028
8504.000000 0.995793
8506.000000 0.996559
8508.000000 0.997324
8510.000000 0.998089
8512.000000 0.998176
8514.000000 0.998263
8516.000000 0.998351
8518.000000 0.998438
8520.000000 0.998525
8522.000000 0.997944
8524.000000 0.997363
8526.000000 0.996783
8528.000000 0.996202
8530.000000 0.995621
8532.000000 0.995626
8534.000000 0.995631
8536.000000 0.995636
8538.000000 0.995641
8540.000000 0.995646
8542.000000 0.995889
8544.000000 0.996132
8546.000000 0.996375
8548.000000 0.996618
8550.000000 0.996861
8552.000000 0.997026
8554.000000 0.997191
8556.000000 0.997357
8558.000000 0.997522
8560.000000 0.997687
8562.000000 0.99742
8564.000000 0.997152
8566.000000 0.996885
8568.000000 0.996617
8570.000000 0.99635
8572.000000 0.996522
8574.000000 0.996695
8576.000000 0.996867
8578.000000 0.99704
8580.000000 0.997212
8582.000000 0.996935
8584.000000 0.996658
8586.000000 0.996381
8588.000000 0.996104
8590.000000 0.995827
8592.000000 0.995765
8594.000000 0.995703
8596.000000 0.995641
8598.000000 0.995579
8600.000000 0.995517
8602.000000 0.995671
8604.000000 0.995825
8606.000000 0.99598
8608.000000 0.996134
8610.000000 0.996288
8612.000000 0.996405
8614.000000 0.996522
8616.000000 0.996638
8618.000000 0.996755
8620.000000 0.996872
8622.000000 0.996594
8624.000000 0.996316
8626.000000 0.996039
8628.000000 0.995761
8630.000000 0.995483
8632.000000 0.995378
8634.000000 0.995273
8636.000000 0.995169
8638.000000 0.995064
8640.000000 0.994959
8642.000000 0.994161
8644.000000 0.993363
8646.000000 0.992564
8648.000000 0.991766
8650.000000 0.990968
8652.000000 0.988882
8654.000000 0.986796
8656.000000 0.984709
8658.000000 0.982623
8660.000000 0.980537
8662.000000 0.976676
8664.000000 0.972815
8666.000000 0.968953
8668.000000 0.965092
8670.000000 0.961231
8672.000000 0.954853
8674.000000 0.948475
8676.000000 0.942098
8678.000000 0.93572
8680.000000 0.929342
8682.000000 0.920065
8684.000000 0.910789
8686.000000 0.901512
8688.000000 0.892236
8690.000000 0.882959
8692.000000 0.86936
8694.000000 0.855761
8696.000000 0.842161
8698.000000 0.828562
8700.000000 0.814963
8702.000000 0.797815
8704.000000 0.780667
8706.000000 0.76352
8708.000000 0.746372
8710.000000 0.729224
8712.000000 0.70954
8714.000000 0.689856
8716.000000 0.670173
8718.000000 0.650489
8720.000000 0.630805
8722.000000 0.609806
8724.000000 0.588807
8726.000000 0.567808
8728.000000 0.546809
8730.000000 0.52581
8732.000000 0.50585
8734.000000 0.485889
8736.000000 0.465929
8738.000000 0.445968
8740.000000 0.426008
8742.000000 0.407813
8744.000000 0.389619
8746.000000 0.371424
8748.000000 0.35323
8750.000000 0.335035
8752.000000 0.31963
8754.000000 0.304225
8756.000000 0.28882
8758.000000 0.273415
8760.000000 0.25801
8762.000000 0.245563
8764.000000 0.233116
8766.000000 0.22067
8768.000000 0.208223
8770.000000 0.195776
8772.000000 0.186037
8774.000000 0.176299
8776.000000 0.16656
8778.000000 0.156822
8780.000000 0.147083
8782.000000 0.139821
8784.000000 0.13256
8786.000000 0.125298
8788.000000 0.118037
8790.000000 0.110775
8792.000000 0.105271
8794.000000 0.0997664
8796.000000 0.0942622
8798.000000 0.0887579
8800.000000 0.0832536
8802.000000 0.0791651
8804.000000 0.0750766
8806.000000 0.0709881
8808.000000 0.0668996
8810.000000 0.0628111
8812.000000 0.0598023
8814.000000 0.0567935
8816.000000 0.0537847
8818.000000 0.0507759
8820.000000 0.0477671
8822.000000 0.0455245
8824.000000 0.0432819
8826.000000 0.0410392
8828.000000 0.0387966
8830.000000 0.036554
8832.000000 0.0348932
8834.000000 0.0332324
8836.000000 0.0315715
8838.000000 0.0299107
8840.000000 0.0282499
8842.000000 0.0269891
8844.000000 0.0257282
8846.000000 0.0244674
8848.000000 0.0232065
8850.000000 0.0219457
8852.000000 0.0210125
8854.000000 0.0200792
8856.000000 0.019146
8858.000000 0.0182127
8860.000000 0.0172795
8862.000000 0.0165421
8864.000000 0.0158048
8866.000000 0.0150674
8868.000000 0.0143301
8870.000000 0.0135927
8872.000000 0.0130415
8874.000000 0.0124903
8876.000000 0.0119391
8878.000000 0.0113879
8880.000000 0.0108367
8882.000000 0.0103891
8884.000000 0.00994146
8886.000000 0.00949385
8888.000000 0.00904623
8890.000000 0.00859861
8892.000000 0.00827688
8894.000000 0.00795516
8896.000000 0.00763343
8898.000000 0.00731171
8900.000000 0.00698998
8902.000000 0.00674173
8904.000000 0.00649348
8906.000000 0.00624523
8908.000000 0.00599698
8910.000000 0.00574873
8912.000000 0.00552361
8914.000000 0.00529849
8916.000000 0.00507338
8918.000000 0.00484826
8920.000000 0.00462314
8922.000000 0.00447796
8924.000000 0.00433279
8926.000000 0.00418761
8928.000000 0.00404244
8930.000000 0.00389726
8932.000000 0.00375134
8934.000000 0.00360542
8936.000000 0.00345951
8938.000000 0.00331359
8940.000000 0.00316767
8942.000000 0.00307648
8944.000000 0.00298528
8946.000000 0.00289409
8948.000000 0.00280289
8950.000000 0.0027117
8952.000000 0.00261491
8954.000000 0.00251813
8956.000000 0.00242134
8958.000000 0.00232456
8960.000000 0.00222777
8962.000000 0.00215745
8964.000000 0.00208713
8966.000000 0.0020168
8968.000000 0.00194648
8970.000000 0.00187616
8972.000000 0.00180411
8974.000000 0.00173206
8976.000000 0.00166002
8978.000000 0.00158797
8980.000000 0.00151592
8982.000000 0.0014728
8984.000000 0.00142967
8986.000000 0.00138655
8988.000000 0.00134342
8990.000000 0.0013003
8992.000000 0.00127081
8994.000000 0.00124132
8996.000000 0.00121182
8998.000000 0.00118233
9000.000000 0.00115284
9002.000000 0.00111174
9004.000000 0.00107064
9006.000000 0.00102954
9008.000000 0.00098844
9010.000000 0.00094734
9012.000000 0.000918904
9014.000000 0.000890468
9016.000000 0.000862032
9018.000000 0.000833596
9020.000000 0.00080516
9022.000000 0.000790914
9024.000000 0.000776668
9026.000000 0.000762422
9028.000000 0.000748176
9030.000000 0.00073393
9032.000000 0.000708236
9034.000000 0.000682542
9036.000000 0.000656848
9038.000000 0.000631154
9040.000000 0.00060546
9042.000000 0.000587662
9044.000000 0.000569864
9046.000000 0.000552066
9048.000000 0.000534268
9050.000000 0.00051647
9052.000000 0.00051
9054.000000 0.00050353
9056.000000 0.00049706
9058.000000 0.00049059
9060.000000 0.00048412
9062.000000 0.000460412
9064.000000 0.000436704
9066.000000 0.000412996
9068.000000 0.000389288
9070.000000 0.00036558
9072.000000 0.000358242
9074.000000 0.000350904
9076.000000 0.000343566
9078.000000 0.000336228
9080.000000 0.00032889
9082.000000 0.000327408
9084.000000 0.000325926
9086.000000 0.000324444
9088.000000 0.000322962
9090.000000 0.00032148
9092.000000 0.000315126
9094.000000 0.000308772
9096.000000 0.000302418
9098.000000 0.000296064
9100.000000 0.00028971
9102.000000 0.000280442
9104.000000 0.000271174
9106.000000 0.000261906
9108.000000 0.000252638
9110.000000 0.00024337
9112.000000 0.000232238
9114.000000 0.000221106
9116.000000 0.000209974
9118.000000 0.000198842
