t   q   F   dF  det obs band    refs
16.06018148 3.0000E+10  1512.2  44.9    1   VLA A1  0
16.06018148 3.2000E+10  1650.9  42.1    1   VLA A2  0
16.06018148 3.4000E+10  1823.8  61.9    1   VLA A3  0
16.06018148 3.6000E+10  1888.4  83.4    1   VLA A4  0
16.08547083 1.9063E+10  667 48  1   VLA K1  0
16.08547083 2.0999E+10  875 47  1   VLA K2  0
16.08547083 2.2999E+10  959 44  1   VLA K3  0
16.08547083 2.4936E+10  1088    64  1   VLA K4  0
16.10486898 1.3000E+10  314 17  1   VLA U1  0
16.10486898 1.5000E+10  434 26  1   VLA U2  0
16.10486898 1.7000E+10  543 28  1   VLA U3  0
16.1149037  8.9990E+09  154 16  1   VLA X1  0
16.1149037  1.0999E+10  243 21  1   VLA X2  0
16.13082963 4.9990E+09  79  26  1   VLA C1  0
16.13082963 6.9990E+09  120 25  1   VLA C2  0
# 19.8572   9.0515E+10  4889    38  1   ALMA    3mm0    0
# 19.8572   9.2410E+10  4913    41  1   ALMA    3mm1    0
# 19.8572   1.0251E+11  4933    46  1   ALMA    3mm2    0
# 19.8572   1.0447E+11  4939    45  1   ALMA    3mm3    0
19.8572347222216    9.7493E+10  4922    25  1   ALMA    3mm 0
# 22.8217   9.0515E+10  4824    36  1   ALMA    3mm0    0
# 22.8217   9.2410E+10  4816    36  1   ALMA    3mm1    0
# 22.8217   1.0251E+11  4799    41  1   ALMA    3mm2    0
# 22.8217   1.0447E+11  4771    40  1   ALMA    3mm3    0
22.82170231481  9.7494E+10  4801    23  1   ALMA    3mm 0
# 22.8597   9.0515E+10  4879    34  1   ALMA    3mm0    0
# 22.8597   9.2410E+10  4903    37  1   ALMA    3mm1    0
# 22.8597   1.0251E+11  4852    38  1   ALMA    3mm2    0
# 22.8597   1.0447E+11  4944    38  1   ALMA    3mm3    0
22.859716203704 9.7494E+10  4896    22  1   ALMA    3mm 0
#21.8462177469119   9.7500E+10  4703.4  44.6    1   ALMA    3mm 0
37.83550556 8.9990E+09  267.8   18.1    1   VLA X1  0
37.83550556 1.0999E+10  387.4   19.5    1   VLA X2  0
37.85523935 4.9990E+09  94.8    17.2    1   VLA C1  0
37.85523935 6.9990E+09  153 12.2    1   VLA C2  0
# 24.8616   2.2399E+11  2885    47  1   ALMA    1mm0    0
# 24.8616   2.2599E+11  2872    47  1   ALMA    1mm1    0
# 24.8616   2.3998E+11  2730    54  1   ALMA    1mm2    0
# 24.8616   2.4198E+11  2621    53  1   ALMA    1mm3    0
24.8616490740678    2.3299E+11  2795    28  1   ALMA    1mm 0
# 25.8375   2.2399E+11  3014    44  1   ALMA    1mm0    0
# 25.8375   2.2599E+11  2933    41  1   ALMA    1mm1    0
# 25.8375   2.3999E+11  2717    49  1   ALMA    1mm2    0
# 25.8375   2.4198E+11  2730    53  1   ALMA    1mm3    0
25.8374893518485    2.3300E+11  2840    26  1   ALMA    1mm 0
# 46.7591   2.2399E+11  1218    31  1   ALMA    1mm0    0
# 46.7591   2.2599E+11  1195    29  1   ALMA    1mm1    0
# 46.7591   2.3999E+11  1059    34  1   ALMA    1mm2    0
# 46.7591   2.4199E+11  1101    35  1   ALMA    1mm3    0
46.7590784722197    2.3300E+11  1142    18  1   ALMA    1mm 0
# 46.8057   2.2399E+11  1196    31  1   ALMA    1mm0    0
# 46.8057   2.2599E+11  1168    30  1   ALMA    1mm1    0
# 46.8057   2.3999E+11  1083    32  1   ALMA    1mm2    0
# 46.8057   2.4199E+11  1026    39  1   ALMA    1mm3    0
46.8056710648089    2.3300E+11  1119    18  1   ALMA    1mm 0
# 47.7897   2.2399E+11  1122    27  1   ALMA    1mm0    0
# 47.7897   2.2599E+11  1091    27  1   ALMA    1mm1    0
# 47.7897   2.3999E+11  1059    30  1   ALMA    1mm2    0
# 47.7897   2.4199E+11  1022    32  1   ALMA    1mm3    0
47.7896756944392    2.3300E+11  1073    17  1   ALMA    1mm 0
# 38.4107127314768  2.3300E+11  1507    32.1    1   ALMA    1mm 0
49.71795926 3.0000E+10  1678.4  44.4    1   VLA A1  0
49.71795926 3.2000E+10  1836.4  69.1    1   VLA A2  0
49.71795926 3.4000E+10  1889    67.6    1   VLA A3  0
49.71795926 3.6000E+10  2036.1  78  1   VLA A4  0
49.7362463  1.9063E+10  1185.2  42.4    1   VLA K1  0
49.7362463  2.0999E+10  1273.2  42.3    1   VLA K2  0
49.7362463  2.2999E+10  1450.7  45  1   VLA K3  0
49.7362463  2.4936E+10  1572.9  32.4    1   VLA K4  0
49.75159352 1.3000E+10  567.1   24.4    1   VLA U1  0
49.75159352 1.5000E+10  775.6   22.4    1   VLA U2  0
49.75159352 1.7000E+10  930.4   27.4    1   VLA U3  0
62.73863056 1.9063E+10  1256.6  33.6    1   VLA K1  0
62.73863056 2.0999E+10  1384.4  38.7    1   VLA K2  0
62.73863056 2.2999E+10  1522.5  32.1    1   VLA K3  0
62.73863056 2.4936E+10  1619.7  39.8    1   VLA K4  0
62.75782037 1.3000E+10  701.5   20.3    1   VLA U1  0
62.75782037 1.5000E+10  891.9   31  1   VLA U2  0
62.75782037 1.7000E+10  1069.9  27.6    1   VLA U3  0
62.7674037  8.9990E+09  369.8   18.1    1   VLA X1  0
62.7674037  1.0999E+10  537.2   26.6    1   VLA X2  0
62.78385046 4.9990E+09  109.4   17.3    1   VLA C1  0
62.78385046 6.9990E+09  227.7   14.8    1   VLA C2  0
# 66.26575729   2.2400E+11  935.6   27.6    1   ALMA    1mm0    0
# 66.26575729   2.2600E+11  949.9   27.8    1   ALMA    1mm1    0
# 66.26575729   2.4000E+11  876.2   24.4    1   ALMA    1mm2    0
# 66.26575729   2.4200E+11  856.1   21.4    1   ALMA    1mm3    0
66.2657572916633    2.3300E+11  903.5   17.8    1   ALMA    1mm 0
# 67.72276539   9.0512E+10  2790.5  35.8    1   ALMA    3mm0    0
# 67.72276539   9.2408E+10  2761.7  25.1    1   ALMA    3mm1    0
# 67.72276539   1.0251E+11  2518.4  27.5    1   ALMA    3mm2    0
# 67.72276539   1.0447E+11  2524.4  29.1    1   ALMA    3mm3    0
67.7227653935152    9.7500E+10  2648.75 14.82124742 1   ALMA    3mm 0
88.85769306 3.0000E+10  1812.9  51.6    1   VLA A1  0
88.85769306 3.2000E+10  1963.3  51.9    1   VLA A2  0
88.85769306 3.4000E+10  1984.2  43.4    1   VLA A3  0
88.85769306 3.6000E+10  2048.8  83.9    1   VLA A4  0
88.88020463 1.9063E+10  1210.5  42.7    1   VLA K1  0
88.88020463 2.0999E+10  1351.1  51.3    1   VLA K2  0
88.88020463 2.2999E+10  1409.5  61.7    1   VLA K3  0
88.88020463 2.4936E+10  1477.1  63.3    1   VLA K4  0
88.90038981 1.3000E+10  767.1   34.5    1   VLA U1  0
88.90038981 1.5000E+10  920.9   50  1   VLA U2  0
88.90038981 1.7000E+10  988.9   47.3    1   VLA U3  0
88.91043611 8.9990E+09  442 15.8    1   VLA X1  0
88.91043611 1.0999E+10  587.9   21.5    1   VLA X2  0
88.92809815 4.9990E+09  139 13.4    1   VLA C1  0
88.92809815 6.9990E+09  250.3   13.9    1   VLA C2  0
# 91.22986319   9.0515E+10  2169.3  23.4    1   ALMA    3mm0    0
# 91.22986319   9.2410E+10  2127.1  24.4    1   ALMA    3mm1    0
# 91.22986319   1.0251E+11  1937.3  20.7    1   ALMA    3mm2    0
# 91.22986319   1.0447E+11  1949.6  28.4    1   ALMA    3mm3    0
91.2298631944432    9.7500E+10  2045.825    12.19110844 1   ALMA    3mm 0
# 91.66428767   2.2404E+11  733.6   18.9    1   ALMA    1mm0    0
# 91.66428767   2.2600E+11  701.6   30  1   ALMA    1mm1    0
# 91.66428767   2.4000E+11  638.6   23.7    1   ALMA    1mm2    0
# 91.66428767   2.4200E+11  659 23.8    1   ALMA    1mm3    0
91.6642876736078    2.3300E+11  683.6   13.6    1   ALMA    1mm 0
# 133.5709118   9.0515E+10  675 46.4    1   ALMA    3mm0    0
# 133.5709118   9.2410E+10  572.9   40.9    1   ALMA    3mm1    0
# 133.5709118   1.0251E+11  462.9   38.6    1   ALMA    3mm2    0
# 133.5709118   1.0447E+11  425.2   51.6    1   ALMA    3mm3    0
133.570911805553    9.7500E+10  527.2   40.6    1   ALMA    3mm 0
# 139.0582315   2.2404E+11  291 18.8    1   ALMA    1mm0    0
# 139.0582315   2.2600E+11  274.4   16  1   ALMA    1mm1    0
# 139.0582315   2.4000E+11  210 23.5    1   ALMA    1mm2    0
# 139.0582315   2.4200E+11  254.7   17.5    1   ALMA    1mm3    0
139.0582315 2.3300E+11  263.4   12.1    1   ALMA    1mm 0
145.7072069 1.9063E+10  1082    54.3    1   VLA K1  0
145.7072069 2.0999E+10  1175.4  47.3    1   VLA K2  0
145.7072069 2.2999E+10  1166.5  58  1   VLA K3  0
145.7072069 2.4936E+10  1139.8  52.8    1   VLA K4  0
145.7282718 1.3000E+10  782.6   26.2    1   VLA U1  0
145.7282718 1.5000E+10  919.8   37.1    1   VLA U2  0
145.7282718 1.7000E+10  918.5   39.7    1   VLA U3  0
145.7391861 8.9990E+09  480.3   19.6    1   VLA X1  0
145.7391861 1.0999E+10  614.3   21  1   VLA X2  0
145.7591167 4.9990E+09  186.7   19.3    1   VLA C1  0
145.7591167 6.9990E+09  339.3   17.6    1   VLA C2  0
145.7739546 2.5000E+09  56.1    18.7    0   VLA S1  0
145.7739546 3.5000E+09  71.7    20.8    1   VLA S2  0
223.3281641 2.3300E+11  49.9    12.3    1   ALMA    1mm 0
226.248075  3.0000E+10  1051    54.7    1   VLA A1  0
226.248075  3.2000E+10  1012.4  69.6    1   VLA A2  0
226.248075  3.4000E+10  1013.9  61.1    1   VLA A3  0
226.248075  3.6000E+10  886.4   52.1    1   VLA A4  0
226.2698458 1.9063E+10  1075.7  39.3    1   VLA K1  0
226.2698458 2.0999E+10  1064.2  56  1   VLA K2  0
226.2698458 2.2999E+10  1063.6  82.9    1   VLA K3  0
226.2698458 2.4936E+10  1096.8  71  1   VLA K4  0
226.2874847 1.3000E+10  923.1   39.5    1   VLA U1  0
226.2874847 1.5000E+10  1008.4  51.4    1   VLA U2  0
226.2874847 1.7000E+10  1029.8  53.5    1   VLA U3  0
226.2975368 8.9990E+09  635.5   20.8    1   VLA X1  0
226.2975368 1.0999E+10  807.4   30  1   VLA X2  0
226.3155345 4.9990E+09  247.4   17.4    1   VLA C1  0
226.3155345 6.9990E+09  418 18.9    1   VLA C2  0
226.3281502 2.5000E+09  110.4   36.8    0   VLA S1  0
226.3281502 3.5000E+09  82.1    29.9    1   VLA S2  0
232.2665    2.3293E+11  77  14  1   ALMA    1mm 0
233.2825    9.7494E+10  265 15  1   ALMA    3mm 0
298.0776583 3.0000E+10  575.5   39.4    1   VLA A1  0
298.0776583 3.2000E+10  529.4   43.6    1   VLA A2  0
298.0776583 3.4000E+10  535.6   38.9    1   VLA A3  0
298.0776583 3.6000E+10  491.5   61.5    1   VLA A4  0
298.0994118 1.9063E+10  945.7   30.2    1   VLA K1  0
298.0994118 2.0999E+10  882.4   31.8    1   VLA K2  0
298.0994118 2.2999E+10  778.5   42.1    1   VLA K3  0
298.0994118 2.4936E+10  745.7   35.9    1   VLA K4  0
298.1165472 1.3000E+10  965.6   46.9    1   VLA U1  0
298.1165472 1.5000E+10  1004    50.3    1   VLA U2  0
298.1165472 1.7000E+10  967.1   61.4    1   VLA U3  0
298.1255576 8.9990E+09  840.8   24.9    1   VLA X1  0
298.1255576 1.0999E+10  928.9   30.7    1   VLA X2  0
298.1431097 4.9990E+09  415.9   21.8    1   VLA C1  0
298.1431097 6.9990E+09  675.8   15.9    1   VLA C2  0
298.1566803 2.5000E+09  265.4   39.9    1   VLA S1  0
298.1566803 3.5000E+09  262 18.8    1   VLA S2  0
324.006362  2.3300E+11  96  32  0   ALMA    1mm 0
324.0526583 9.7500E+10  138 20  1   ALMA    3mm 0
329.9543771 3.0000E+10  483.8   35.3    1   VLA A1  0
329.9543771 3.2000E+10  424.8   44.4    1   VLA A2  0
329.9543771 3.4000E+10  426.9   28.8    1   VLA A3  0
329.9543771 3.6000E+10  342.9   36.3    1   VLA A4  0
329.9772243 1.9063E+10  788.9   28.4    1   VLA K1  0
329.9772243 2.0999E+10  712.1   34.3    1   VLA K2  0
329.9772243 2.2999E+10  682.4   31.6    1   VLA K3  0
329.9772243 2.4936E+10  634.6   41  1   VLA K4  0
329.9946549 1.3035E+10  906.1   37.2    1   VLA U1  0
329.9946549 1.5083E+10  895.7   27.9    1   VLA U2  0
329.9946549 1.7130E+10  840.8   25.9    1   VLA U3  0
330.003075  8.9990E+09  727.5   21.4    1   VLA X1  0
330.003075  1.0999E+10  856.1   20.3    1   VLA X2  0
330.0195854 4.9990E+09  335.5   20.8    1   VLA C1  0
330.0195854 6.9990E+09  550.5   16.9    1   VLA C2  0
330.0327278 2.5000E+09  56.6    28.9    1   VLA S1  0
330.0327278 3.5000E+09  169.9   14.4    1   VLA S2  0
409.0123458 3.0000E+10  302.4   27.3    1   VLA A1  0
409.0123458 3.2000E+10  306 32.6    1   VLA A2  0
409.0123458 3.4000E+10  261.4   34.4    1   VLA A3  0
409.0123458 3.6000E+10  273.5   32.5    1   VLA A4  0
409.036825  1.9063E+10  546.2   20.8    1   VLA K1  0
409.036825  2.0999E+10  448.9   21.7    1   VLA K2  0
409.036825  2.2999E+10  451.5   26.8    1   VLA K3  0
409.036825  2.4936E+10  410.7   35.6    1   VLA K4  0
409.0481965 1.3035E+10  774.6   14.9    1   VLA U1  0
409.0481965 1.5083E+10  698.7   24.4    1   VLA U2  0
409.0481965 1.7130E+10  562.1   20.9    1   VLA U3  0
409.0568076 8.9990E+09  816.1   19.6    1   VLA X1  0
409.0568076 1.0999E+10  815.5   21.3    1   VLA X2  0
409.0659569 4.9990E+09  552.8   21.8    1   VLA C1  0
409.0659569 6.9990E+09  763.7   20.3    1   VLA C2  0
409.0788736 2.5000E+09  158.2   30  1   VLA S1  0
409.0788736 3.5000E+09  289.4   19.1    1   VLA S2  0
390.738215  9.7500E+10  133.3   38.5    1   ALMA    3mm 0
435.766918  9.7500E+10  80.4    26.8    0   ALMA    3mm 0
464.903058  2.5000E+09  82.5    27.5    0   VLA S1  0
464.903058  3.5000E+09  190.8   17.8    1   VLA S1  0
464.890158  4.9990E+09  379 16.6    1   VLA C1  0
464.890158  6.9990E+09  559.8   14.8    1   VLA C2  0
464.881009  8.9990E+09  594.7   22.8    1   VLA X1  0
464.881009  1.0999E+10  569.4   37.5    1   VLA X2  0
464.872381  1.3035E+10  508.3   22.9    1   VLA U1  0
464.872381  1.5083E+10  422.4   22.3    1   VLA U2  0
464.872381  1.7130E+10  389.1   24.6    1   VLA U3  0
464.861009  1.9063E+10  345.1   24.9    1   VLA K1  0
464.861009  2.0999E+10  284 31.6    1   VLA K2  0
464.861009  2.2999E+10  224.9   37.3    1   VLA K3  0
464.861009  2.4998E+10  215.8   37.6    1   VLA K4  0
464.836547  3.0000E+10  164.7   37.3    1   VLA A1  0
464.836547  3.2000E+10  178.4   24.8    1   VLA A2  0
464.836547  3.4000E+10  159 40  1   VLA A3  0
464.836547  3.6000E+10  147.3   50.8    1   VLA A4  0
521.4352    9.7500E+10  64.6    21.4    1   ALMA    3mm 0