wl flux
3400.8 46.796
3401.9 47.334
3402.9 43.637
3404.0 43.008
3405.0 59.383
3406.1 49.669
3407.2 47.151
3408.2 47.596
3409.3 42.094
3410.3 42.83
3411.4 47.629
3412.4 49.667
3413.5 44.209
3414.5 39.773
3415.6 33.857
3416.7 41.737
3417.7 47.855
3418.8 48.147
3419.8 51.096
3420.9 49.118
3421.9 51.104
3423.0 50.748
3424.1 46.971
3425.1 44.969
3426.2 41.625
3427.2 45.508
3428.3 52.149
3429.3 48.39
3430.4 41.545
3431.5 39.752
3432.5 45.159
3433.6 51.295
3434.6 47.921
3435.7 37.675
3436.7 39.975
3437.8 39.497
3438.9 43.166
3439.9 46.001
3441.0 49.638
3442.0 56.4
3443.1 47.695
3444.1 39.684
3445.2 38.594
3446.3 41.955
3447.3 46.769
3448.4 45.912
3449.4 44.923
3450.5 49.115
3451.6 50.747
3452.6 47.458
3453.7 45.14
3454.7 49.121
3455.8 52.501
3456.9 42.704
3457.9 43.162
3459.0 46.601
3460.0 41.073
3461.1 43.49
3462.2 41.806
3463.2 43.192
3464.3 49.476
3465.3 48.378
3466.4 49.066
3467.5 46.789
3468.5 48.092
3469.6 42.959
3470.6 43.402
3471.7 44.264
3472.8 44.003
3473.8 44.043
3474.9 44.96
3475.9 42.659
3477.0 40.493
3478.1 34.545
3479.1 43.438
3480.2 46.016
3481.2 43.965
3482.3 46.281
3483.4 48.568
3484.4 43.32
3485.5 56.509
3486.6 46.006
3487.6 44.706
3488.7 38.074
3489.7 41.154
3490.8 41.215
3491.9 39.042
3492.9 42.989
3494.0 34.573
3495.0 39.654
3496.1 44.335
3497.2 37.556
3498.2 42.004
3499.3 41.604
3500.4 36.513
3501.4 38.241
3502.5 42.121
3503.5 43.708
3504.6 40.144
3505.7 44.735
3506.7 45.005
3507.8 39.886
3508.9 39.276
3509.9 41.781
3511.0 38.801
3512.1 42.218
3513.1 40.506
3514.2 38.646
3515.2 38.977
3516.3 39.148
3517.4 40.965
3518.4 39.71
3519.5 42.256
3520.6 41.093
3521.6 36.069
3522.7 41.845
3523.8 30.805
3524.8 43.733
3525.9 37.646
3526.9 43.135
3528.0 43.092
3529.1 53.323
3530.1 39.711
3531.2 37.537
3532.3 40.409
3533.3 42.948
3534.4 39.9
3535.5 47.175
3536.5 39.156
3537.6 42.108
3538.7 35.973
3539.7 34.173
3540.8 31.558
3541.9 42.412
3542.9 45.668
3544.0 39.623
3545.1 50.999
3546.1 42.305
3547.2 39.294
3548.3 35.625
3549.3 37.964
3550.4 39.43
3551.5 45.957
3552.5 34.205
3553.6 41.903
3554.7 38.597
3555.7 36.472
3556.8 35.461
3557.9 40.617
3558.9 38.33
3560.0 40.373
3561.1 36.464
3562.1 32.965
3563.2 36.454
3564.3 40.259
3565.3 39.815
3566.4 36.908
3567.5 37.845
3568.5 41.194
3569.6 35.828
3570.7 36.717
3571.7 39.164
3572.8 36.757
3573.9 34.077
3574.9 41.446
3576.0 37.53
3577.1 36.979
3578.1 31.328
3579.2 32.566
3580.3 40.441
3581.3 42.397
3582.4 35.501
3583.5 34.359
3584.5 37.506
3585.6 37.591
3586.7 37.853
3587.7 36.062
3588.8 31.755
3589.9 32.869
3590.9 34.139
3592.0 41.032
3593.1 36.911
3594.2 38.342
3595.2 43.367
3596.3 40.982
3597.4 35.516
3598.4 40.797
3599.5 44.156
3600.6 41.078
3601.6 36.603
3602.7 38.022
3603.8 34.653
3604.8 37.058
3605.9 36.468
3607.0 35.493
3608.1 39.864
3609.1 36.988
3610.2 35.641
3611.3 37.781
3612.3 38.982
3613.4 39.547
3614.5 37.259
3615.5 36.987
3616.6 32.969
3617.7 37.721
3618.8 33.312
3619.8 33.047
3620.9 38.928
3622.0 41.772
3623.0 41.171
3624.1 38.822
3625.2 34.983
3626.2 35.975
3627.3 34.255
3628.4 34.403
3629.5 35.748
3630.5 36.022
3631.6 37.031
3632.7 36.745
3633.7 38.183
3634.8 38.33
3635.9 38.998
3637.0 37.263
3638.0 37.55
3639.1 37.543
3640.2 36.511
3641.2 35.505
3642.3 41.697
3643.4 35.416
3644.5 33.138
3645.5 35.049
3646.6 33.359
3647.7 36.251
3648.7 35.772
3649.8 39.206
3650.9 35.443
3652.0 36.895
3653.0 34.884
3654.1 35.034
3655.2 33.986
3656.3 33.022
3657.3 32.281
3658.4 33.73
3659.5 33.814
3660.5 32.994
3661.6 33.71
3662.7 34.78
3663.8 34.659
3664.8 32.677
3665.9 32.896
3667.0 38.71
3668.0 37.747
3669.1 35.288
3670.2 35.868
3671.3 34.171
3672.3 34.564
3673.4 36.886
3674.5 34.426
3675.6 34.713
3676.6 35.263
3677.7 33.354
3678.8 35.928
3679.9 39.642
3680.9 37.342
3682.0 33.515
3683.1 34.007
3684.1 35.685
3685.2 35.186
3686.3 34.199
3687.4 35.778
3688.4 33.992
3689.5 36.676
3690.6 36.881
3691.7 36.593
3692.7 33.205
3693.8 33.469
3694.9 35.364
3696.0 35.638
3697.0 35.837
3698.1 34.986
3699.2 36.401
3700.3 39.431
3701.3 35.237
3702.4 34.969
3703.5 32.26
3704.6 33.727
3705.6 35.152
3706.7 33.104
3707.8 32.872
3708.9 32.699
3709.9 33.621
3711.0 32.162
3712.1 33.75
3713.2 35.485
3714.2 31.496
3715.3 33.249
3716.4 34.92
3717.5 35.587
3718.5 32.907
3719.6 31.969
3720.7 36.294
3721.8 34.966
3722.8 33.426
3723.9 34.828
3725.0 33.509
3726.1 31.65
3727.1 32.728
3728.2 35.419
3729.3 33.163
3730.4 30.925
3731.4 31.006
3732.5 32.86
3733.6 35.395
3734.7 33.435
3735.7 31.945
3736.8 30.38
3737.9 34.124
3739.0 34.32
3740.1 36.437
3741.1 34.562
3742.2 33.188
3743.3 33.239
3744.4 30.201
3745.4 32.518
3746.5 33.061
3747.6 31.074
3748.7 30.486
3749.7 31.993
3750.8 34.428
3751.9 32.364
3753.0 32.709
3754.0 33.406
3755.1 32.248
3756.2 33.321
3757.3 32.594
3758.4 31.676
3759.4 28.586
3760.5 31.167
3761.6 30.27
3762.7 33.565
3763.7 34.289
3764.8 33.006
3765.9 32.66
3767.0 33.122
3768.0 27.881
3769.1 29.591
3770.2 32.383
3771.3 33.242
3772.4 34.956
3773.4 34.476
3774.5 32.521
3775.6 30.265
3776.7 32.011
3777.7 34.139
3778.8 32.024
3779.9 31.076
3781.0 32.459
3782.1 31.897
3783.1 31.001
3784.2 30.117
3785.3 31.908
3786.4 32.173
3787.5 31.409
3788.5 31.321
3789.6 32.816
3790.7 32.934
3791.8 32.325
3792.8 31.626
3793.9 33.203
3795.0 31.491
3796.1 31.11
3797.2 31.958
3798.2 31.728
3799.3 32.137
3800.4 31.233
3801.5 32.964
3802.5 31.668
3803.6 31.193
3804.7 30.205
3805.8 30.89
3806.9 29.866
3807.9 31.551
3809.0 32.776
3810.1 31.54
3811.2 32.209
3812.3 31.656
3813.3 29.592
3814.4 31.577
3815.5 30.374
3816.6 29.059
3817.7 33.653
3818.7 31.764
3819.8 31.52
3820.9 29.371
3822.0 31.399
3823.1 30.457
3824.1 29.465
3825.2 28.369
3826.3 30.561
3827.4 30.347
3828.5 30.845
3829.5 29.752
3830.6 30.144
3831.7 30.655
3832.8 30.013
3833.8 29.864
3834.9 28.094
3836.0 30.032
3837.1 29.198
3838.2 31.001
3839.2 32.062
3840.3 29.923
3841.4 30.301
3842.5 29.693
3843.6 30.314
3844.6 31.362
3845.7 31.544
3846.8 30.353
3847.9 31.499
3849.0 28.737
3850.1 27.388
3851.1 29.669
3852.2 32.132
3853.3 29.64
3854.4 27.651
3855.5 30.225
3856.5 29.656
3857.6 28.316
3858.7 28.752
3859.8 31.279
3860.9 29.387
3861.9 28.417
3863.0 30.444
3864.1 30.302
3865.2 28.008
3866.3 28.94
3867.3 28.065
3868.4 28.762
3869.5 26.704
3870.6 28.749
3871.7 29.251
3872.7 29.99
3873.8 29.421
3874.9 28.757
3876.0 30.254
3877.1 28.915
3878.2 27.766
3879.2 27.933
3880.3 29.384
3881.4 27.839
3882.5 28.678
3883.6 28.054
3884.6 30.557
3885.7 28.989
3886.8 30.7
3887.9 28.837
3889.0 28.347
3890.0 31.434
3891.1 28.738
3892.2 28.293
3893.3 29.608
3894.4 29.993
3895.5 29.809
3896.5 28.387
3897.6 28.691
3898.7 28.844
3899.8 31.11
3900.9 29.65
3901.9 28.538
3903.0 30.961
3904.1 29.549
3905.2 29.682
3906.3 29.228
3907.4 27.761
3908.4 28.61
3909.5 27.868
3910.6 28.463
3911.7 28.697
3912.8 30.952
3913.9 30.064
3914.9 29.176
3916.0 28.875
3917.1 28.081
3918.2 26.747
3919.3 29.758
3920.3 29.642
3921.4 30.47
3922.5 29.773
3923.6 28.627
3924.7 28.335
3925.8 28.479
3926.8 28.288
3927.9 30.242
3929.0 30.573
3930.1 28.082
3931.2 29.716
3932.3 28.949
3933.3 27.531
3934.4 27.704
3935.5 27.248
3936.6 28.774
3937.7 29.439
3938.7 27.733
3939.8 28.803
3940.9 28.715
3942.0 28.034
3943.1 28.691
3944.2 28.215
3945.2 28.007
3946.3 28.911
3947.4 28.25
3948.5 28.368
3949.6 27.446
3950.7 28.265
3951.7 26.361
3952.8 27.651
3953.9 27.319
3955.0 27.203
3956.1 26.619
3957.2 27.707
3958.2 28.748
3959.3 27.835
3960.4 28.933
3961.5 27.602
3962.6 29.608
3963.7 29.261
3964.7 29.573
3965.8 27.668
3966.9 28.111
3968.0 28.46
3969.1 28.715
3970.2 27.467
3971.2 28.871
3972.3 29.935
3973.4 29.089
3974.5 27.909
3975.6 28.436
3976.7 28.49
3977.8 28.155
3978.8 26.548
3979.9 27.297
3981.0 29.635
3982.1 29.635
3983.2 28.446
3984.3 29.858
3985.3 28.082
3986.4 27.011
3987.5 28.094
3988.6 28.035
3989.7 28.825
3990.8 26.784
3991.8 28.245
3992.9 27.895
3994.0 27.687
3995.1 28.305
3996.2 27.001
3997.3 27.536
3998.3 28.783
3999.4 26.595
4000.5 28.129
4001.6 26.649
4002.7 28.552
4003.8 26.047
4004.9 26.425
4005.9 27.026
4007.0 27.3
4008.1 26.063
4009.2 27.737
4010.3 25.723
4011.4 30.22
4012.4 26.485
4013.5 27.018
4014.6 28.824
4015.7 29.283
4016.8 27.038
4017.9 28.178
4018.9 24.873
4020.0 27.341
4021.1 27.826
4022.2 25.545
4023.3 27.29
4024.4 26.692
4025.5 24.783
4026.5 27.701
4027.6 27.915
4028.7 26.003
4029.8 27.152
4030.9 27.817
4032.0 27.647
4033.1 27.553
4034.1 25.755
4035.2 25.75
4036.3 26.516
4037.4 25.626
4038.5 26.158
4039.6 25.692
4040.6 24.561
4041.7 24.052
4042.8 26.543
4043.9 25.778
4045.0 25.666
4046.1 28.455
4047.2 26.533
4048.2 29.334
4049.3 25.802
4050.4 26.877
4051.5 29.158
4052.6 27.0
4053.7 26.565
4054.8 27.073
4055.8 26.456
4056.9 28.479
4058.0 25.665
4059.1 27.118
4060.2 27.076
4061.3 27.92
4062.3 28.244
4063.4 27.842
4064.5 27.167
4065.6 26.18
4066.7 26.028
4067.8 25.645
4068.9 24.82
4069.9 26.177
4071.0 25.15
4072.1 26.219
4073.2 24.856
4074.3 25.65
4075.4 25.662
4076.5 25.959
4077.5 25.708
4078.6 25.511
4079.7 26.857
4080.8 25.108
4081.9 27.17
4083.0 26.185
4084.1 24.017
4085.1 27.207
4086.2 26.335
4087.3 28.154
4088.4 23.963
4089.5 26.798
4090.6 26.83
4091.7 28.047
4092.7 25.096
4093.8 26.367
4094.9 24.05
4096.0 26.789
4097.1 24.072
4098.2 24.457
4099.3 26.785
4100.3 27.861
4101.4 26.761
4102.5 25.782
4103.6 26.112
4104.7 24.165
4105.8 28.521
4106.9 24.377
4107.9 23.284
4109.0 24.397
4110.1 25.77
4111.2 24.955
4112.3 25.545
4113.4 24.827
4114.5 25.462
4115.6 25.065
4116.6 23.713
4117.7 23.737
4118.8 24.553
4119.9 23.969
4121.0 24.215
4122.1 24.244
4123.2 25.092
4124.2 25.179
4125.3 26.848
4126.4 25.007
4127.5 26.635
4128.6 25.191
4129.7 24.73
4130.8 23.822
4131.8 25.762
4132.9 25.244
4134.0 23.415
4135.1 24.524
4136.2 25.471
4137.3 24.932
4138.4 24.834
4139.4 25.914
4140.5 25.119
4141.6 26.224
4142.7 24.965
4143.8 26.227
4144.9 25.682
4146.0 25.196
4147.1 25.389
4148.1 26.467
4149.2 25.151
4150.3 25.426
4151.4 26.578
4152.5 24.105
4153.6 24.405
4154.7 26.194
4155.7 25.14
4156.8 27.622
4157.9 25.493
4159.0 25.479
4160.1 25.189
4161.2 24.981
4162.3 24.639
4163.4 25.871
4164.4 25.325
4165.5 24.969
4166.6 25.986
4167.7 24.831
4168.8 26.997
4169.9 23.99
4171.0 25.927
4172.0 23.513
4173.1 23.156
4174.2 26.202
4175.3 23.816
4176.4 25.0
4177.5 24.038
4178.6 24.903
4179.7 26.547
4180.7 24.76
4181.8 25.84
4182.9 24.264
4184.0 23.276
4185.1 24.427
4186.2 25.238
4187.3 23.985
4188.3 25.831
4189.4 25.303
4190.5 25.301
4191.6 25.376
4192.7 26.464
4193.8 24.269
4194.9 25.776
4196.0 25.15
4197.0 25.158
4198.1 24.614
4199.2 24.964
4200.3 24.279
4201.4 24.859
4202.5 25.783
4203.6 25.859
4204.6 22.853
4205.7 26.002
4206.8 23.889
4207.9 26.109
4209.0 25.325
4210.1 23.807
4211.2 24.981
4212.3 23.602
4213.3 23.794
4214.4 25.484
4215.5 25.151
4216.6 23.055
4217.7 22.888
4218.8 23.321
4219.9 22.86
4221.0 22.583
4222.0 22.157
4223.1 22.672
4224.2 22.01
4225.3 24.089
4226.4 23.289
4227.5 24.052
4228.6 21.337
4229.7 23.691
4230.7 23.781
4231.8 23.797
4232.9 23.698
4234.0 24.054
4235.1 25.345
4236.2 23.362
4237.3 25.177
4238.3 23.858
4239.4 23.661
4240.5 24.334
4241.6 25.098
4242.7 22.087
4243.8 25.241
4244.9 23.731
4246.0 24.172
4247.0 24.976
4248.1 24.169
4249.2 23.112
4250.3 22.508
4251.4 23.158
4252.5 24.921
4253.6 22.728
4254.7 21.053
4255.7 23.153
4256.8 21.429
4257.9 21.578
4259.0 23.919
4260.1 22.95
4261.2 21.014
4262.3 21.762
4263.4 23.06
4264.4 22.269
4265.5 23.247
4266.6 22.816
4267.7 24.324
4268.8 24.796
4269.9 21.869
4271.0 25.949
4272.1 25.788
4273.1 26.101
4274.2 22.799
4275.3 25.134
4276.4 24.33
4277.5 24.688
4278.6 24.241
4279.7 25.7
4280.8 25.245
4281.8 23.41
4282.9 26.098
4284.0 24.844
4285.1 25.721
4286.2 26.105
4287.3 25.105
4288.4 25.218
4289.5 23.476
4290.5 26.033
4291.6 25.62
4292.7 25.78
4293.8 24.685
4294.9 24.404
4296.0 23.02
4297.1 24.28
4298.2 25.433
4299.2 23.32
4300.3 23.352
4301.4 25.652
4302.5 26.886
4303.6 24.544
4304.7 26.513
4305.8 25.284
4306.9 24.887
4307.9 26.871
4309.0 24.846
4310.1 26.519
4311.2 25.93
4312.3 25.106
4313.4 27.197
4314.5 26.379
4315.6 25.814
4316.6 26.365
4317.7 25.113
4318.8 23.398
4319.9 24.4
4321.0 23.734
4322.1 24.382
4323.2 24.623
4324.3 23.8
4325.3 24.371
4326.4 24.743
4327.5 24.507
4328.6 25.558
4329.7 24.85
4330.8 24.188
4331.9 25.001
4333.0 25.483
4334.0 26.026
4335.1 24.069
4336.2 25.912
4337.3 25.572
4338.4 25.064
4339.5 25.222
4340.6 25.534
4341.7 23.699
4342.7 26.973
4343.8 25.353
4344.9 22.604
4346.0 24.983
4347.1 23.78
4348.2 24.19
4349.3 25.49
4350.4 25.136
4351.4 24.291
4352.5 22.932
4353.6 22.994
4354.7 23.881
4355.8 23.273
4356.9 23.413
4358.0 25.487
4359.1 22.212
4360.1 22.819
4361.2 25.131
4362.3 24.765
4363.4 25.391
4364.5 25.243
4365.6 24.535
4366.7 23.719
4367.8 23.635
4368.9 23.434
4369.9 23.489
4371.0 24.341
4372.1 23.982
4373.2 23.708
4374.3 23.367
4375.4 25.928
4376.5 23.855
4377.6 25.109
4378.6 24.124
4379.7 24.344
4380.8 25.309
4381.9 23.299
4383.0 24.388
4384.1 24.746
4385.2 25.17
4386.3 25.65
4387.3 26.06
4388.4 25.078
4389.5 25.024
4390.6 24.695
4391.7 23.03
4392.8 21.647
4393.9 23.652
4395.0 24.418
4396.0 23.792
4397.1 22.814
4398.2 22.864
4399.3 22.395
4400.4 23.704
4401.5 25.508
4402.6 24.873
4403.7 23.624
4404.7 22.085
4405.8 21.821
4406.9 26.276
4408.0 25.871
4409.1 23.121
4410.2 25.619
4411.3 24.195
4412.4 23.174
4413.4 25.715
4414.5 24.73
4415.6 24.528
4416.7 24.256
4417.8 24.287
4418.9 24.039
4420.0 23.776
4421.1 24.581
4422.1 21.701
4423.2 23.065
4424.3 23.65
4425.4 22.866
4426.5 24.905
4427.6 22.103
4428.7 24.989
4429.8 22.445
4430.9 23.275
4431.9 23.859
4433.0 25.37
4434.1 24.501
4435.2 21.163
4436.3 23.162
4437.4 24.428
4438.5 24.412
4439.6 24.835
4440.6 24.546
4441.7 24.182
4442.8 23.902
4443.9 23.64
4445.0 21.937
4446.1 21.89
4447.2 22.079
4448.3 22.866
4449.3 22.396
4450.4 22.464
4451.5 25.061
4452.6 21.702
4453.7 23.143
4454.8 22.428
4455.9 22.331
4457.0 22.066
4458.0 24.529
4459.1 22.031
4460.2 24.791
4461.3 22.874
4462.4 21.572
4463.5 22.656
4464.6 22.392
4465.7 23.923
4466.7 23.535
4467.8 20.412
4468.9 24.403
4470.0 23.282
4471.1 22.919
4472.2 21.833
4473.3 24.151
4474.4 22.235
4475.4 21.438
4476.5 22.181
4477.6 25.127
4478.7 23.914
4479.8 21.12
4480.9 22.546
4482.0 21.536
4483.1 21.87
4484.1 22.033
4485.2 21.423
4486.3 22.176
4487.4 21.603
4488.5 20.724
4489.6 23.609
4490.7 24.767
4491.8 21.886
4492.8 24.255
4493.9 22.589
4495.0 22.745
4496.1 24.722
4497.2 22.783
4498.3 22.888
4499.4 21.883
4500.5 22.755
4501.6 21.547
4502.6 21.178
4503.7 22.427
4504.8 21.665
4505.9 22.499
4507.0 21.087
4508.1 22.23
4509.2 22.407
4510.3 21.772
4511.3 20.813
4512.4 21.117
4513.5 21.386
4514.6 20.134
4515.7 20.879
4516.8 22.664
4517.9 22.52
4519.0 24.133
4520.0 22.642
4521.1 20.552
4522.2 21.821
4523.3 23.828
4524.4 20.011
4525.5 22.507
4526.6 22.68
4527.7 21.044
4528.7 19.763
4529.8 22.365
4530.9 20.232
4532.0 20.844
4533.1 22.773
4534.2 20.434
4535.3 19.466
4536.4 20.222
4537.4 24.097
4538.5 22.496
4539.6 20.76
4540.7 22.618
4541.8 21.539
4542.9 21.805
4544.0 21.229
4545.1 22.168
4546.1 19.256
4547.2 22.535
4548.3 22.386
4549.4 22.436
4550.5 22.321
4551.6 24.127
4552.7 23.136
4553.8 20.614
4554.8 21.169
4555.9 22.508
4557.0 22.6
4558.1 20.716
4559.2 21.296
4560.3 21.134
4561.4 22.91
4562.5 21.271
4563.5 21.969
4564.6 20.197
4565.7 20.296
4566.8 21.269
4567.9 18.791
4569.0 20.989
4570.1 20.903
4571.2 21.028
4572.2 21.458
4573.3 21.991
4574.4 22.86
4575.5 22.117
4576.6 19.027
4577.7 20.652
4578.8 21.897
4579.9 21.925
4580.9 21.598
4582.0 19.868
4583.1 20.052
4584.2 19.259
4585.3 20.524
4586.4 19.848
4587.5 22.54
4588.6 20.943
4589.6 19.403
4590.7 19.618
4591.8 20.956
4592.9 20.459
4594.0 22.842
4595.1 20.763
4596.2 21.251
4597.3 21.323
4598.3 20.8
4599.4 20.38
4600.5 20.073
4601.6 18.966
4602.7 19.177
4603.8 18.695
4604.9 22.053
4606.0 20.278
4607.0 20.617
4608.1 21.768
4609.2 20.112
4610.3 20.968
4611.4 20.436
4612.5 20.456
4613.6 20.233
4614.7 19.714
4615.7 20.626
4616.8 21.003
4617.9 19.7
4619.0 19.556
4620.1 19.729
4621.2 18.468
4622.3 18.488
4623.4 21.298
4624.4 19.589
4625.5 19.673
4626.6 19.545
4627.7 19.803
4628.8 19.767
4629.9 20.448
4631.0 20.639
4632.1 21.533
4633.1 20.57
4634.2 20.806
4635.3 20.07
4636.4 21.427
4637.5 22.571
4638.6 21.334
4639.7 20.295
4640.8 19.866
4641.8 19.31
4642.9 20.659
4644.0 21.309
4645.1 20.497
4646.2 20.248
4647.3 20.351
4648.4 20.187
4649.5 20.047
4650.5 22.392
4651.6 21.842
4652.7 19.626
4653.8 20.626
4654.9 19.628
4656.0 18.892
4657.1 19.582
4658.2 21.577
4659.2 21.403
4660.3 20.388
4661.4 20.809
4662.5 20.503
4663.6 20.802
4664.7 22.011
4665.8 20.954
4666.9 21.995
4667.9 20.933
4669.0 19.656
4670.1 21.04
4671.2 20.591
4672.3 21.972
4673.4 20.254
4674.5 21.44
4675.6 21.805
4676.6 21.148
4677.7 19.888
4678.8 20.547
4679.9 22.313
4681.0 20.584
4682.1 21.586
4683.2 21.886
4684.3 20.582
4685.3 19.635
4686.4 20.582
4687.5 21.789
4688.6 20.938
4689.7 21.354
4690.8 21.69
4691.9 21.457
4693.0 20.872
4694.0 21.438
4695.1 20.498
4696.2 22.049
4697.3 19.987
4698.4 20.444
4699.5 20.242
4700.6 21.337
4701.7 21.038
4702.7 19.804
4703.8 18.308
4704.9 20.188
4706.0 21.424
4707.1 19.263
4708.2 20.311
4709.3 20.06
4710.4 21.463
4711.4 22.514
4712.5 21.45
4713.6 20.993
4714.7 19.88
4715.8 21.186
4716.9 20.24
4718.0 21.394
4719.0 21.347
4720.1 21.032
4721.2 20.69
4722.3 20.766
4723.4 21.607
4724.5 20.956
4725.6 20.267
4726.7 21.453
4727.7 20.633
4728.8 21.212
4729.9 21.097
4731.0 20.258
4732.1 20.394
4733.2 20.426
4734.3 21.37
4735.4 20.5
4736.4 19.597
4737.5 19.28
4738.6 20.446
4739.7 19.943
4740.8 20.148
4741.9 20.45
4743.0 20.803
4744.1 20.802
4745.1 20.423
4746.2 20.555
4747.3 20.01
4748.4 21.012
4749.5 20.972
4750.6 21.738
4751.7 20.271
4752.8 18.382
4753.8 20.274
4754.9 20.946
4756.0 20.758
4757.1 19.734
4758.2 20.121
4759.3 20.08
4760.4 19.525
4761.5 19.902
4762.5 19.956
4763.6 19.766
4764.7 20.464
4765.8 20.092
4766.9 19.807
4768.0 19.493
4769.1 19.931
4770.1 19.531
4771.2 19.42
4772.3 21.402
4773.4 20.46
4774.5 19.297
4775.6 20.163
4776.7 20.115
4777.8 19.454
4778.8 19.99
4779.9 20.369
4781.0 20.041
4782.1 20.931
4783.2 20.585
4784.3 19.906
4785.4 19.69
4786.5 20.322
4787.5 20.865
4788.6 20.748
4789.7 20.206
4790.8 21.126
4791.9 19.54
4793.0 20.464
4794.1 19.726
4795.2 19.079
4796.2 18.399
4797.3 19.655
4798.4 21.237
4799.5 20.898
4800.6 19.915
4801.7 19.826
4802.8 20.749
4803.9 20.813
4804.9 20.304
4806.0 20.048
4807.1 19.695
4808.2 18.424
4809.3 19.002
4810.4 20.103
4811.5 21.062
4812.6 20.683
4813.6 19.686
4814.7 19.516
4815.8 20.096
4816.9 20.698
4818.0 20.767
4819.1 20.724
4820.2 19.884
4821.2 19.328
4822.3 18.359
4823.4 20.091
4824.5 21.374
4825.6 20.709
4826.7 19.06
4827.8 18.907
4828.9 19.409
4829.9 21.332
4831.0 20.811
4832.1 19.948
4833.2 20.758
4834.3 20.561
4835.4 19.821
4836.5 20.069
4837.6 20.138
4838.6 19.85
4839.7 20.435
4840.8 20.883
4841.9 19.664
4843.0 20.198
4844.1 20.009
4845.2 20.447
4846.3 20.021
4847.3 21.097
4848.4 21.074
4849.5 22.04
4850.6 20.36
4851.7 20.637
4852.8 20.469
4853.9 20.666
4855.0 19.714
4856.0 21.657
4857.1 21.952
4858.2 20.811
4859.3 20.448
4860.4 21.458
4861.5 21.262
4862.6 19.951
4863.7 20.138
4864.7 21.311
4865.8 22.107
4866.9 20.798
4868.0 20.465
4869.1 20.008
4870.2 19.413
4871.3 21.341
4872.4 21.844
4873.4 21.694
4874.5 19.669
4875.6 20.65
4876.7 20.805
4877.8 19.184
4878.9 20.479
4880.0 20.206
4881.0 19.767
4882.1 19.456
4883.2 19.829
4884.3 19.378
4885.4 20.475
4886.5 20.192
4887.6 19.704
4888.7 19.917
4889.7 19.559
4890.8 20.143
4891.9 19.325
4893.0 19.142
4894.1 21.509
4895.2 21.423
4896.3 20.573
4897.4 19.772
4898.4 20.662
4899.5 21.419
4900.6 21.807
4901.7 21.373
4902.8 20.571
4903.9 20.371
4905.0 21.219
4906.1 19.997
4907.1 18.966
4908.2 19.034
4909.3 20.359
4910.4 21.018
4911.5 21.588
4912.6 20.433
4913.7 21.082
4914.8 21.585
4915.8 21.65
4916.9 19.944
4918.0 19.51
4919.1 20.947
4920.2 20.62
4921.3 20.258
4922.4 20.329
4923.5 19.642
4924.5 19.44
4925.6 20.227
4926.7 20.283
4927.8 21.875
4928.9 20.623
4930.0 21.615
4931.1 19.973
4932.2 19.931
4933.2 20.464
4934.3 20.21
4935.4 20.262
4936.5 19.898
4937.6 21.142
4938.7 19.657
4939.8 20.072
4940.9 20.005
4941.9 21.319
4943.0 20.712
4944.1 19.724
4945.2 19.677
4946.3 20.359
4947.4 20.052
4948.5 19.067
4949.6 20.174
4950.6 20.445
4951.7 19.565
4952.8 20.898
4953.9 22.218
4955.0 22.166
4956.1 21.328
4957.2 21.514
4958.3 20.484
4959.3 20.367
4960.4 19.571
4961.5 20.153
4962.6 20.585
4963.7 20.935
4964.8 21.377
4965.9 22.139
4967.0 21.524
4968.0 21.575
4969.1 21.503
4970.2 20.588
4971.3 20.709
4972.4 20.394
4973.5 19.557
4974.6 20.734
4975.7 21.368
4976.7 19.925
4977.8 19.447
4978.9 20.688
4980.0 21.34
4981.1 20.849
4982.2 20.78
4983.3 20.49
4984.4 21.134
4985.4 20.05
4986.5 19.012
4987.6 20.802
4988.7 21.127
4989.8 19.487
4990.9 19.516
4992.0 19.439
4993.1 20.359
4994.1 20.353
4995.2 20.643
4996.3 19.538
4997.4 20.185
4998.5 22.403
4999.6 21.617
5000.7 20.82
5001.8 19.52
5002.9 19.544
5003.9 20.679
5005.0 19.341
5006.1 19.915
5007.2 19.912
5008.3 21.157
5009.4 21.184
5010.5 21.262
5011.6 19.809
5012.6 20.363
5013.7 21.873
5014.8 21.501
5015.9 20.378
5017.0 20.856
5018.1 19.032
5019.2 21.307
5020.3 19.125
5021.3 18.842
5022.4 19.06
5023.5 19.729
5024.6 19.87
5025.7 19.772
5026.8 20.541
5027.9 20.004
5029.0 21.605
5030.0 19.614
5031.1 18.917
5032.2 20.021
5033.3 20.125
5034.4 18.999
5035.5 20.208
5036.6 19.913
5037.7 20.913
5038.8 19.816
5039.8 20.842
5040.9 19.402
5042.0 21.104
5043.1 19.976
5044.2 21.107
5045.3 20.686
5046.4 20.9
5047.5 18.848
5048.5 19.634
5049.6 20.627
5050.7 21.136
5051.8 18.789
5052.9 19.51
5054.0 20.409
5055.1 19.713
5056.2 21.209
5057.3 19.605
5058.3 19.69
5059.4 20.449
5060.5 19.643
5061.6 21.4
5062.7 20.108
5063.8 19.759
5064.9 19.135
5066.0 19.535
5067.0 19.678
5068.1 20.871
5069.2 20.88
5070.3 20.993
5071.4 19.617
5072.5 20.764
5073.6 18.221
5074.7 19.333
5075.8 19.624
5076.8 18.939
5077.9 19.323
5079.0 20.501
5080.1 18.712
5081.2 19.547
5082.3 19.196
5083.4 19.947
5084.5 19.813
5085.5 19.612
5086.6 20.837
5087.7 19.308
5088.8 19.032
5089.9 19.305
5091.0 19.001
5092.1 20.41
5093.2 19.373
5094.3 19.432
5095.3 19.595
5096.4 19.602
5097.5 18.843
5098.6 19.558
5099.7 18.456
5100.8 18.663
5101.9 19.051
5103.0 20.047
5104.1 17.687
5105.1 17.965
5106.2 18.749
5107.3 19.865
5108.4 19.95
5109.5 18.394
5110.6 18.927
5111.7 18.643
5112.8 18.865
5113.9 18.929
5114.9 18.883
5116.0 18.897
5117.1 19.261
5118.2 18.174
5119.3 18.701
5120.4 18.489
5121.5 18.591
5122.6 20.209
5123.7 19.67
5124.7 19.801
5125.8 19.331
5126.9 20.325
5128.0 18.311
5129.1 18.884
5130.2 18.024
5131.3 18.314
5132.4 19.315
5133.5 19.443
5134.5 18.625
5135.6 19.282
5136.7 19.365
5137.8 18.735
5138.9 19.93
5140.0 19.757
5141.1 18.55
5142.2 17.862
5143.3 17.721
5144.3 17.329
5145.4 17.433
5146.5 18.62
5147.6 20.116
5148.7 18.709
5149.8 18.869
5150.9 19.387
5152.0 18.528
5153.1 18.269
5154.2 18.99
5155.2 19.867
5156.3 19.639
5157.4 19.419
5158.5 19.97
5159.6 19.644
5160.7 18.804
5161.8 18.317
5162.9 18.552
5164.0 19.21
5165.0 18.922
5166.1 18.878
5167.2 19.182
5168.3 18.432
5169.4 17.933
5170.5 19.714
5171.6 19.456
5172.7 18.692
5173.8 18.102
5174.9 18.211
5175.9 18.937
5177.0 18.428
5178.1 18.912
5179.2 17.903
5180.3 19.192
5181.4 18.725
5182.5 18.284
5183.6 18.363
5184.7 18.383
5185.8 17.882
5186.8 17.886
5187.9 18.186
5189.0 18.63
5190.1 20.135
5191.2 18.805
5192.3 18.952
5193.4 18.618
5194.5 18.835
5195.6 18.115
5196.7 17.592
5197.7 17.076
5198.8 17.245
5199.9 17.935
5201.0 18.247
5202.1 16.999
5203.2 18.213
5204.3 18.246
5205.4 17.641
5206.5 17.927
5207.6 18.754
5208.6 17.943
5209.7 18.211
5210.8 17.153
5211.9 18.208
5213.0 17.688
5214.1 17.115
5215.2 17.325
5216.3 15.738
5217.4 17.572
5218.5 16.952
5219.5 17.17
5220.6 17.2
5221.7 18.797
5222.8 15.169
5223.9 19.272
5225.0 16.596
5226.1 17.707
5227.2 17.643
5228.3 19.067
5229.4 16.747
5230.5 16.796
5231.5 16.441
5232.6 17.112
5233.7 17.352
5234.8 17.333
5235.9 17.481
5237.0 18.18
5238.1 19.822
5239.2 19.422
5240.3 19.006
5241.4 18.576
5242.5 17.726
5243.5 16.066
5244.6 16.249
5245.7 18.082
5246.8 16.583
5247.9 16.994
5249.0 18.338
5250.1 18.468
5251.2 18.004
5252.3 17.152
5253.4 18.201
5254.5 18.837
5255.5 17.407
5256.6 18.887
5257.7 18.684
5258.8 17.847
5259.9 17.659
5261.0 17.992
5262.1 17.785
5263.2 17.04
5264.3 17.103
5265.4 17.339
5266.5 18.788
5267.6 18.147
5268.6 17.392
5269.7 17.069
5270.8 17.196
5271.9 17.681
5273.0 16.505
5274.1 16.273
5275.2 17.764
5276.3 18.202
5277.4 18.22
5278.5 15.846
5279.6 15.572
5280.7 17.348
5281.7 16.699
5282.8 16.315
5283.9 15.481
5285.0 16.486
5286.1 17.139
5287.2 16.02
5288.3 16.613
5289.4 17.686
5290.5 17.417
5291.6 16.971
5292.7 16.724
5293.8 15.887
5294.8 15.02
5295.9 15.642
5297.0 16.873
5298.1 16.294
5299.2 16.501
5300.3 18.89
5301.4 17.685
5302.5 17.649
5303.6 16.441
5304.7 17.213
5305.8 18.026
5306.9 17.176
5308.0 15.019
5309.0 16.437
5310.1 17.068
5311.2 18.213
5312.3 14.753
5313.4 16.252
5314.5 14.918
5315.6 15.513
5316.7 17.109
5317.8 15.546
5318.9 16.694
5320.0 16.984
5321.1 17.087
5322.2 17.293
5323.3 14.902
5324.3 16.66
5325.4 16.181
5326.5 17.331
5327.6 18.727
5328.7 17.156
5329.8 16.751
5330.9 15.81
5332.0 17.253
5333.1 15.808
5334.2 17.292
5335.3 18.162
5336.4 15.927
5337.5 15.915
5338.6 17.33
5339.6 16.81
5340.7 16.382
5341.8 16.656
5342.9 15.172
5344.0 17.073
5345.1 17.362
5346.2 16.791
5347.3 15.235
5348.4 14.273
5349.5 14.404
5350.6 15.707
5351.7 15.512
5352.8 16.969
5353.9 17.614
5355.0 15.74
5356.0 16.115
5357.1 16.487
5358.2 15.675
5359.3 15.248
5360.4 16.224
5361.5 16.488
5362.6 15.415
5363.7 13.382
5364.8 14.732
5365.9 15.651
5367.0 16.249
5368.1 16.576
5369.2 17.159
5370.3 17.933
5371.4 17.062
5372.5 17.378
5373.6 16.715
5374.6 16.242
5375.7 15.474
5376.8 13.186
5377.9 15.62
5379.0 15.33
5380.1 15.034
5381.2 18.164
5382.3 15.549
5383.4 14.565
5384.5 17.681
5385.6 16.51
5386.7 16.953
5387.8 14.769
5388.9 15.658
5390.0 15.615
5391.1 15.285
5392.2 16.617
5393.3 16.165
5394.4 15.349
5395.4 15.695
5396.5 16.265
5397.6 16.031
5398.7 15.11
5399.8 13.33
5400.9 14.459
5402.0 14.939
5403.1 13.106
5404.2 15.794
5405.3 13.545
5406.4 13.651
5407.5 14.244
5408.6 14.806
5409.7 14.028
5410.8 15.56
5411.9 16.356
5413.0 15.3
5414.1 15.115
5415.2 14.99
5416.3 14.876
5417.4 14.917
5418.5 13.922
5419.5 15.62
5420.6 16.995
5421.7 16.534
5422.8 16.454
5423.9 14.788
5425.0 16.487
5426.1 15.997
5427.2 15.164
5428.3 16.446
5429.4 16.983
5430.5 14.947
5431.6 14.354
5432.7 14.67
5433.8 14.322
5434.9 13.374
5436.0 13.285
5437.1 15.567
5438.2 13.253
5439.3 14.265
5440.4 15.045
5441.5 15.685
5442.6 13.905
5443.7 15.357
5444.8 14.529
5445.9 14.52
5447.0 14.865
5448.1 14.201
5449.1 14.577
5450.2 15.578
5451.3 14.572
5452.4 13.297
5453.5 14.91
5454.6 16.236
5455.7 14.186
5456.8 14.164
5457.9 15.984
5459.0 14.681
5460.1 13.851
5461.2 13.465
5462.3 14.883
5463.4 13.313
5464.5 13.706
5465.6 14.414
5466.7 14.854
5467.8 13.787
5468.9 14.331
5470.0 15.907
5471.1 16.153
5472.2 15.254
5473.3 13.601
5474.4 15.276
5475.5 16.019
5476.6 16.588
5477.7 15.657
5478.8 13.307
5479.9 13.437
5481.0 15.32
5482.1 15.827
5483.2 13.414
5484.3 13.931
5485.4 11.466
5486.5 13.659
5487.6 13.262
5488.7 12.425
5489.8 13.222
5490.9 14.678
5492.0 15.091
5493.1 16.31
5494.2 14.073
5495.3 14.312
5496.4 14.488
5497.5 12.171
5498.6 14.037
5499.6 12.51
5500.7 11.969
5501.8 14.034
5502.9 16.011
5504.0 13.503
5505.1 15.569
5506.2 15.611
5507.3 13.651
5508.4 12.905
5509.5 12.584
5510.6 13.728
5511.7 15.748
5512.8 15.414
5513.9 13.248
5515.0 13.922
5516.1 14.214
5517.2 15.561
5518.3 14.574
5519.4 11.522
5520.5 12.125
5521.6 14.147
5522.7 15.386
5523.8 13.397
5524.9 12.346
5526.0 13.414
5527.1 10.302
5528.2 15.73
5529.3 13.054
5530.4 11.215
5531.5 14.056
5532.6 16.486
5533.7 13.907
5534.8 15.16
5535.9 14.203
5537.0 16.582
5538.1 12.56
5539.2 10.669
5540.3 13.582
5541.4 12.481
5542.5 12.372
5543.6 14.296
5544.7 13.961
5545.8 12.416
5546.9 15.572
5548.0 17.054
5549.1 13.486
5550.3 13.722
5551.4 16.264
5552.5 13.898
5553.6 14.627
5554.7 14.691
5555.8 12.946
5556.9 11.512
5558.0 11.542
5559.1 11.885
5560.2 16.924
5561.3 16.148
5562.4 16.0
5563.5 12.061
5564.6 14.337
5565.7 19.444
5566.8 13.402
5567.9 14.197
5569.0 14.513
5570.1 11.93
5571.2 11.242
5572.3 15.079
5573.4 12.937
5574.5 11.758
5575.6 11.928
5576.7 13.402
5577.8 22.031
5578.9 8.7451
5580.0 11.239
5581.1 16.413
5582.2 9.1988
5583.3 9.8197
5584.4 13.916
5585.5 12.879
5586.6 15.92
5587.7 12.768
5588.8 14.885
5589.9 14.903
5591.0 14.934
5592.1 16.712
5593.2 13.846
5594.3 10.156
5732.2 13.181
5733.7 12.302
5735.3 12.407
5736.8 12.666
5738.3 11.572
5739.8 12.398
5741.4 12.79
5742.9 12.678
5744.4 12.623
5745.9 11.734
5747.5 11.149
5749.0 11.492
5750.5 12.067
5752.0 12.085
5753.6 12.48
5755.1 11.03
5756.6 12.113
5758.1 12.178
5759.7 11.891
5761.2 13.215
5762.7 12.268
5764.2 11.914
5765.8 13.149
5767.3 12.265
5768.8 12.571
5770.3 12.964
5771.9 12.044
5773.4 11.791
5774.9 12.231
5776.4 11.977
5777.9 11.805
5779.5 12.296
5781.0 11.352
5782.5 12.3
5784.0 11.815
5785.6 12.168
5787.1 12.672
5788.6 11.955
5790.1 12.62
5791.7 11.221
5793.2 11.807
5794.7 12.369
5796.2 11.447
5797.8 11.97
5799.3 11.589
5800.8 10.76
5802.3 11.331
5803.9 11.755
5805.4 11.896
5806.9 11.861
5808.4 12.338
5810.0 12.254
5811.5 12.154
5813.0 11.138
5814.5 11.88
5816.1 12.962
5817.6 11.966
5819.1 12.951
5820.6 11.415
5822.2 12.07
5823.7 12.277
5825.2 11.728
5826.7 11.865
5828.3 12.473
5829.8 11.766
5831.3 12.58
5832.8 12.052
5834.4 12.735
5835.9 12.399
5837.4 11.236
5838.9 11.857
5840.5 11.93
5842.0 11.676
5843.5 11.41
5845.0 11.856
5846.6 11.539
5848.1 11.758
5849.6 12.283
5851.1 11.508
5852.7 11.93
5854.2 11.71
5855.7 12.059
5857.2 12.335
5858.8 11.012
5860.3 11.106
5861.8 11.366
5863.3 11.448
5864.9 11.912
5866.4 11.847
5867.9 11.683
5869.4 12.03
5871.0 12.724
5872.5 11.778
5874.0 11.418
5875.5 11.505
5877.1 11.543
5878.6 11.875
5880.1 10.662
5881.6 12.493
5883.2 12.467
5884.7 11.573
5886.2 13.059
5887.7 11.914
5889.3 11.847
5890.8 12.496
5892.3 10.246
5893.8 11.641
5895.4 12.601
5896.9 12.016
5898.4 11.038
5899.9 11.909
5901.5 11.068
5903.0 10.902
5904.5 11.125
5906.1 10.523
5907.6 12.052
5909.1 11.015
5910.6 12.136
5912.2 11.088
5913.7 11.357
5915.2 12.08
5916.7 10.756
5918.3 11.394
5919.8 11.35
5921.3 11.042
5922.8 11.696
5924.4 11.831
5925.9 11.45
5927.4 11.78
5928.9 11.719
5930.5 10.128
5932.0 11.195
5933.5 11.748
5935.0 12.148
5936.6 12.251
5938.1 11.037
5939.6 12.773
5941.1 11.832
5942.7 10.883
5944.2 11.727
5945.7 12.366
5947.2 11.637
5948.8 12.507
5950.3 11.237
5951.8 12.201
5953.4 11.352
5954.9 11.145
5956.4 11.495
5957.9 11.867
5959.5 11.146
5961.0 11.572
5962.5 12.698
5964.0 10.736
5965.6 11.491
5967.1 12.345
5968.6 11.636
5970.1 11.445
5971.7 10.91
5973.2 11.927
5974.7 11.398
5976.2 10.534
5977.8 12.241
5979.3 11.777
5980.8 11.416
5982.3 12.603
5983.9 10.826
5985.4 11.561
5986.9 10.959
5988.5 11.154
5990.0 11.888
5991.5 11.009
5993.0 11.266
5994.6 10.512
5996.1 11.659
5997.6 10.707
5999.1 11.607
6000.7 10.954
6002.2 11.287
6003.7 11.878
6005.2 10.911
6006.8 12.142
6008.3 10.707
6009.8 11.333
6011.4 12.269
6012.9 11.362
6014.4 12.322
6015.9 11.548
6017.5 10.65
6019.0 11.998
6020.5 10.62
6022.0 10.075
6023.6 11.421
6025.1 11.128
6026.6 12.08
6028.1 11.026
6029.7 10.243
6031.2 11.407
6032.7 10.81
6034.3 10.276
6035.8 11.789
6037.3 11.137
6038.8 10.402
6040.4 10.753
6041.9 10.824
6043.4 11.498
6044.9 11.282
6046.5 10.626
6048.0 10.414
6049.5 10.382
6051.0 11.532
6052.6 12.217
6054.1 10.936
6055.6 11.857
6057.2 11.412
6058.7 11.62
6060.2 10.022
6061.7 12.552
6063.3 10.807
6064.8 10.651
6066.3 11.918
6067.8 9.777
6069.4 11.369
6070.9 11.294
6072.4 11.168
6074.0 11.684
6075.5 11.213
6077.0 11.346
6078.5 11.974
6080.1 11.04
6081.6 10.95
6083.1 11.797
6084.6 11.106
6086.2 10.985
6087.7 12.067
6089.2 10.436
6090.8 12.073
6092.3 10.775
6093.8 11.171
6095.3 11.144
6096.9 9.8145
6098.4 11.355
6099.9 12.171
6101.4 10.596
6103.0 11.435
6104.5 10.379
6106.0 11.174
6107.6 11.015
6109.1 10.912
6110.6 12.356
6112.1 10.949
6113.7 11.281
6115.2 10.243
6116.7 11.85
6118.2 10.762
6119.8 11.42
6121.3 10.876
6122.8 10.095
6124.4 11.447
6125.9 10.093
6127.4 10.883
6128.9 11.469
6130.5 10.323
6132.0 11.75
6133.5 11.045
6135.1 10.149
6136.6 12.128
6138.1 11.093
6139.6 10.809
6141.2 11.241
6142.7 10.902
6144.2 11.083
6145.7 11.828
6147.3 10.435
6148.8 10.673
6150.3 11.92
6151.9 10.174
6153.4 11.614
6154.9 10.944
6156.4 9.487
6158.0 12.7
6159.5 10.434
6161.0 11.091
6162.6 11.614
6164.1 10.669
6165.6 12.718
6167.1 9.7205
6168.7 11.279
6170.2 11.67
6171.7 10.453
6173.2 11.417
6174.8 11.313
6176.3 10.827
6177.8 11.865
6179.4 12.011
6180.9 9.4739
6182.4 11.887
6183.9 11.128
6185.5 10.812
6187.0 12.512
6188.5 10.538
6190.1 11.76
6191.6 11.704
6193.1 9.7638
6194.6 11.687
6196.2 11.094
6197.7 10.738
6199.2 11.54
6200.8 10.356
6202.3 11.566
6203.8 11.816
6205.3 10.133
6206.9 11.448
6208.4 10.941
6209.9 10.854
6211.5 10.155
6213.0 11.145
6214.5 10.357
6216.0 11.014
6217.6 10.823
6219.1 11.63
6220.6 12.31
6222.2 10.539
6223.7 11.469
6225.2 10.268
6226.7 10.417
6228.3 11.094
6229.8 11.142
6231.3 10.775
6232.9 11.727
6234.4 11.196
6235.9 11.113
6237.4 11.16
6239.0 9.8268
6240.5 10.985
6242.0 11.107
6243.6 10.344
6245.1 10.921
6246.6 11.441
6248.1 10.943
6249.7 11.337
6251.2 10.752
6252.7 10.791
6254.3 11.827
6255.8 10.834
6257.3 11.565
6258.8 11.32
6260.4 11.257
6261.9 11.801
6263.4 10.559
6265.0 11.118
6266.5 10.748
6268.0 11.316
6269.5 10.255
6271.1 11.446
6272.6 11.02
6274.1 10.867
6275.7 11.36
6277.2 9.6946
6278.7 10.804
6280.3 9.487
6281.8 10.866
6283.3 11.347
6284.8 9.4634
6286.4 10.946
6287.9 10.434
6289.4 9.4869
6291.0 11.145
6292.5 10.26
6294.0 10.907
6295.5 12.103
6297.1 10.824
6298.6 10.518
6300.1 11.937
6301.7 10.114
6303.2 9.9496
6304.7 10.1
6306.3 10.194
6307.8 10.977
6309.3 10.682
6310.8 10.018
6312.4 11.565
6313.9 8.9589
6315.4 10.782
6317.0 11.136
6318.5 10.069
6320.0 10.046
6321.5 10.345
6323.1 9.899
6324.6 10.591
6326.1 10.29
6327.7 10.289
6329.2 11.857
6330.7 10.486
6332.3 10.708
6333.8 11.501
6335.3 9.2476
6336.8 10.111
6338.4 10.691
6339.9 10.154
6341.4 10.605
6343.0 10.201
6344.5 10.473
6346.0 10.061
6347.6 9.8363
6349.1 10.653
6350.6 10.642
6352.1 10.712
6353.7 11.647
6355.2 11.416
6356.7 10.865
6358.3 10.488
6359.8 10.69
6361.3 10.424
6362.8 10.994
6364.4 10.158
6365.9 10.41
6367.4 11.578
6369.0 9.2032
6370.5 11.218
6372.0 11.297
6373.6 10.07
6375.1 10.954
6376.6 9.4254
6378.2 9.9287
6379.7 10.663
6381.2 9.4684
6382.7 11.596
6384.3 9.6276
6385.8 10.053
6387.3 10.509
6388.9 10.243
6390.4 9.5244
6391.9 10.541
6393.5 10.323
6395.0 10.167
6396.5 10.883
6398.0 10.073
6399.6 10.511
6401.1 10.722
6402.6 8.8584
6404.2 10.856
6405.7 10.389
6407.2 9.5889
6408.8 10.836
6410.3 9.0062
6411.8 10.661
6413.3 10.673
6414.9 10.148
6416.4 10.291
6417.9 10.212
6419.5 10.199
6421.0 9.8188
6422.5 11.198
6424.1 10.302
6425.6 10.62
6427.1 9.6876
6428.7 9.6354
6430.2 10.857
6431.7 9.564
6433.2 10.242
6434.8 10.048
6436.3 9.9262
6437.8 10.641
6439.4 9.9143
6440.9 9.7713
6442.4 11.008
6444.0 9.9866
6445.5 10.145
6447.0 10.076
6448.6 10.367
6450.1 10.473
6451.6 9.5753
6453.1 10.196
6454.7 10.242
6456.2 9.0677
6457.7 8.9548
6459.3 10.888
6460.8 9.9235
6462.3 9.8695
6463.9 11.493
6465.4 8.933
6466.9 11.383
6468.5 9.5568
6470.0 8.9738
6471.5 10.807
6473.0 8.6329
6474.6 9.874
6476.1 9.7003
6477.6 10.106
6479.2 10.766
6480.7 10.539
6482.2 9.5544
6483.8 10.136
6485.3 10.216
6486.8 10.359
6488.4 10.492
6489.9 9.6211
6491.4 9.7272
6493.0 10.687
6494.5 10.005
6496.0 10.954
6497.5 11.353
6499.1 9.9833
6500.6 11.291
6502.1 9.1665
6503.7 9.5873
6505.2 10.01
6506.7 9.9141
6508.3 9.8821
6509.8 9.4063
6511.3 9.8486
6512.9 10.328
6514.4 9.8884
6515.9 10.367
6517.5 31.276
6519.0 28.875
6520.5 14.77
6522.0 12.296
6523.6 9.3149
6525.1 10.346
6526.6 9.3249
6528.2 10.057
6529.7 10.529
6531.2 10.408
6532.8 10.56
6534.3 10.407
6535.8 10.208
6537.4 9.6554
6538.9 10.75
6540.4 9.7215
6542.0 9.965
6543.5 9.5825
6545.0 9.3114
6546.6 9.7521
6548.1 10.975
6549.6 9.4003
6551.1 10.831
6552.7 10.208
6554.2 10.337
6555.7 11.27
6557.3 9.1595
6558.8 10.719
6560.3 10.448
6561.9 9.6507
6563.4 10.421
6564.9 9.6252
6566.5 10.207
6568.0 11.102
6569.5 9.9038
6571.1 9.5456
6572.6 10.357
6574.1 10.416
6575.7 10.255
6577.2 9.8392
6578.7 9.4587
6580.3 10.001
6581.8 9.6554
6583.3 9.309
6584.9 9.6085
6586.4 8.292
6587.9 9.9992
6589.4 9.9434
6591.0 8.6785
6592.5 10.515
6594.0 8.8052
6595.6 9.6876
6597.1 10.494
6598.6 9.5766
6600.2 10.148
6601.7 9.9641
6603.2 9.3872
6604.8 9.4404
6606.3 9.8022
6607.8 9.9334
6609.4 9.0659
6610.9 10.188
6612.4 8.8547
6614.0 10.125
6615.5 9.5587
6617.0 9.4272
6618.6 9.9721
6620.1 8.6922
6621.6 9.9103
6623.2 9.3703
6624.7 9.5276
6626.2 9.7413
6627.8 10.062
6629.3 9.6189
6630.8 9.3281
6632.4 9.5063
6633.9 9.5299
6635.4 9.0586
6637.0 9.9321
6638.5 9.8566
6640.0 9.514
6641.6 9.1473
6643.1 9.3538
6644.6 8.9495
6646.2 9.3559
6647.7 10.408
6649.2 9.4185
6650.7 9.6296
6652.3 10.443
6653.8 9.1245
6655.3 9.561
6656.9 9.0797
6658.4 9.4968
6659.9 10.267
6661.5 9.6957
6663.0 9.6036
6664.5 10.091
6666.1 9.624
6667.6 9.6879
6669.1 10.081
6670.7 9.5814
6672.2 9.5729
6673.7 9.6941
6675.3 8.6924
6676.8 10.389
6678.3 9.159
6679.9 9.0985
6681.4 10.895
6682.9 8.424
6684.5 9.5555
6686.0 9.0573
6687.5 8.8125
6689.1 10.175
6690.6 8.7988
6692.1 9.1832
6693.7 10.313
6695.2 9.3944
6696.7 9.2971
6698.3 9.7368
6699.8 9.0591
6701.3 9.4632
6702.9 10.118
6704.4 8.3325
6705.9 9.4146
6707.5 9.2672
6709.0 8.6925
6710.5 10.283
6712.1 9.132
6713.6 9.737
6715.1 10.291
6716.7 9.4866
6718.2 9.9159
6719.7 9.1597
6721.3 9.5365
6722.8 9.6528
6724.3 8.9514
6725.9 9.4694
6727.4 9.3419
6728.9 9.3987
6730.5 9.1576
6732.0 9.7972
6733.5 9.1974
6735.1 9.7461
6736.6 10.305
6738.1 9.2747
6739.7 10.221
6741.2 8.997
6742.7 9.494
6744.3 9.7886
6745.8 8.6025
6747.3 9.8182
6748.9 9.8038
6750.4 8.8767
6751.9 9.9551
6753.5 8.6863
6755.0 9.4171
6756.5 9.7514
6758.1 9.4226
6759.6 9.1618
6761.1 8.9196
6762.7 9.167
6764.2 9.5734
6765.8 9.5183
6767.3 9.5738
6768.8 9.759
6770.4 9.9093
6771.9 8.8791
6773.4 9.4011
6775.0 8.95
6776.5 9.2776
6778.0 9.4942
6779.6 9.3809
6781.1 9.8984
6782.6 8.5602
6784.2 9.3182
6785.7 9.9489
6787.2 9.1537
6788.8 9.6912
6790.3 9.212
6791.8 9.7233
6793.4 9.0545
6794.9 9.8746
6796.4 9.2299
6798.0 9.2123
6799.5 9.6145
6801.0 8.6629
6802.6 10.009
6804.1 9.341
6805.6 9.3791
6807.2 9.74
6808.7 8.7222
6810.2 9.4478
6811.8 9.9171
6813.3 9.9336
6814.8 9.5966
6816.4 9.79
6817.9 9.3132
6819.4 9.5716
6821.0 9.5113
6822.5 9.3775
6824.1 9.9162
6825.6 9.459
6827.1 10.112
6828.7 10.087
6830.2 9.0594
6831.7 10.442
6833.3 10.12
6834.8 10.112
6836.3 10.497
6837.9 9.5979
6839.4 10.297
6840.9 9.6887
6842.5 9.6068
6844.0 10.595
6845.5 9.5085
6847.1 10.08
6848.6 10.22
6850.1 10.23
6851.7 10.586
6853.2 10.485
6854.7 10.625
6856.3 9.8741
6857.8 9.6686
6859.3 9.5601
6860.9 10.644
6862.4 10.997
6864.0 10.735
6865.5 9.8662
6867.0 9.5501
6868.6 10.163
6870.1 10.449
6871.6 8.9899
6873.2 11.304
6874.7 10.275
6876.2 9.3094
6877.8 10.611
6879.3 9.9738
6880.8 9.9651
6882.4 10.322
6883.9 11.098
6885.4 10.333
6887.0 11.325
6888.5 10.09
6890.0 9.4832
6891.6 11.331
6893.1 9.4579
6894.7 10.468
6896.2 11.023
6897.7 9.9669
6899.3 10.722
6900.8 10.069
6902.3 9.4436
6903.9 10.738
6905.4 10.309
6906.9 10.601
6908.5 10.185
6910.0 11.485
6911.5 10.171
6913.1 10.655
6914.6 10.445
6916.1 9.9422
6917.7 10.223
6919.2 9.693
6920.8 10.933
6922.3 9.1776
6923.8 11.303
6925.4 10.745
6926.9 9.6416
6928.4 10.719
6930.0 9.6523
6931.5 10.002
6933.0 10.37
6934.6 9.7327
6936.1 10.727
6937.6 10.59
6939.2 9.6851
6940.7 10.987
6942.3 10.072
6943.8 9.2789
6945.3 10.747
6946.9 10.748
6948.4 9.8929
6949.9 10.783
6951.5 9.5438
6953.0 9.6742
6954.5 10.096
6956.1 9.7185
6957.6 10.979
6959.1 9.8479
6960.7 10.025
6962.2 10.606
6963.8 9.923
6965.3 10.01
6966.8 9.8581
6968.4 9.8962
6969.9 10.35
6971.4 9.8182
6973.0 10.296
6974.5 10.23
6976.0 17.755
6977.6 21.65
6979.1 13.552
6980.6 10.326
6982.2 9.8243
6983.7 10.799
6985.3 9.5853
6986.8 10.515
6988.3 10.254
6989.9 9.5067
6991.4 10.487
6992.9 10.302
6994.5 9.8143
6996.0 10.503
6997.5 10.252
6999.1 10.763
7000.6 10.119
7002.2 10.47
7003.7 10.356
7005.2 10.515
7006.8 10.079
7008.3 10.151
7009.8 10.475
7011.4 9.5967
7012.9 10.515
7014.4 10.224
7016.0 9.5257
7017.5 10.527
7019.1 9.3677
7020.6 10.785
7022.1 9.1396
7023.7 9.2471
7025.2 10.862
7026.7 9.3753
7028.3 10.138
7029.8 9.6869
7031.3 9.5569
7032.9 9.9923
7034.4 9.7752
7036.0 9.1736
7037.5 8.873
7039.0 9.1618
7040.6 8.8785
7042.1 9.589
7043.6 9.4131
7045.2 9.8264
7046.7 10.4
7048.2 8.5411
7049.8 9.8311
7051.3 9.3236
7052.9 9.2767
7054.4 10.076
7055.9 9.412
7057.5 9.9449
7059.0 10.095
7060.5 9.6947
7062.1 11.057
7063.6 9.4189
7065.1 10.415
7066.7 9.835
7068.2 9.7987
7069.8 10.03
7071.3 9.462
7072.8 10.629
7074.4 9.7982
7075.9 9.6174
7077.4 9.6186
7079.0 9.0369
7080.5 9.5945
7082.1 9.5312
7083.6 10.036
7085.1 10.037
7086.7 9.5203
7088.2 10.149
7089.7 9.5823
7091.3 9.8413
7092.8 10.039
7094.3 9.761
7095.9 9.9629
7097.4 9.7407
7099.0 9.7235
7100.5 9.4532
7102.0 10.245
7103.6 9.0926
7105.1 9.6656
7106.6 9.8093
7108.2 9.6189
7109.7 10.098
7111.3 9.3442
7112.8 9.8465
7114.3 9.8806
7115.9 9.1107
7117.4 10.138
7118.9 9.7167
7120.5 9.2061
7122.0 9.8629
7123.6 9.9761
7125.1 9.113
7126.6 9.7836
7128.2 10.196
7129.7 9.6675
7131.2 9.6878
7132.8 9.471
7134.3 9.8206
7135.9 9.7129
7137.4 9.1445
7138.9 10.425
7140.5 9.5952
7142.0 9.5542
7143.5 9.9248
7145.1 9.0651
7146.6 9.8654
7148.2 9.2116
7149.7 9.6934
7151.2 9.1436
7152.8 9.2494
7154.3 9.3389
7155.8 9.4921
7157.4 8.7626
7158.9 9.532
7160.5 8.8648
7162.0 9.0908
7163.5 9.3795
7165.1 9.2957
7166.6 8.4493
7168.1 9.0612
7169.7 8.9936
7171.2 8.7339
7172.8 9.1815
7174.3 8.5253
7175.8 8.6499
7177.4 8.4983
7178.9 8.764
7180.4 9.019
7182.0 8.9194
7183.5 8.818
7185.1 8.8527
7186.6 8.6114
7188.1 8.0834
7189.7 8.6976
7191.2 8.8833
7192.8 8.2987
7194.3 9.2817
7195.8 8.5824
7197.4 9.3183
7198.9 9.3324
7200.4 8.6449
7202.0 9.2675
7203.5 8.0824
7205.1 8.6735
7206.6 9.3685
7208.1 8.556
7209.7 8.9768
7211.2 9.0668
7212.7 8.8247
7214.3 9.8626
7215.8 9.3871
7217.4 9.1451
7218.9 8.9439
7220.4 8.9468
7222.0 9.1743
7223.5 9.7346
7225.1 8.3781
7226.6 8.8082
7228.1 8.9013
7229.7 8.0121
7231.2 9.1201
7232.7 7.6738
7234.3 7.8568
7235.8 8.8108
7237.4 8.4471
7238.9 9.1572
7240.4 8.925
7242.0 8.4709
7243.5 9.0343
7245.1 8.8048
7246.6 8.9022
7248.1 8.1954
7249.7 9.2257
7251.2 8.4223
7252.7 8.1507
7254.3 8.3935
7255.8 8.8686
7257.4 9.3789
7258.9 8.87
7260.4 8.9899
7262.0 8.6273
7263.5 8.3859
7265.1 8.4474
7266.6 8.4324
7268.1 9.0885
7269.7 8.6121
7271.2 8.6685
7272.7 9.0357
7274.3 8.6424
7275.8 8.6551
7277.4 8.0879
7278.9 8.1498
7280.4 8.5539
7282.0 9.1301
7283.5 9.5493
7285.1 8.4272
7286.6 8.7005
7288.1 8.7005
7289.7 8.0822
7291.2 9.1259
7292.8 7.5937
7294.3 9.2636
7295.8 8.8576
7297.4 8.2137
7298.9 9.0392
7300.4 8.5666
7302.0 9.1296
7303.5 8.6385
7305.1 8.2826
7306.6 8.0572
7308.1 8.9476
7309.7 8.6886
7311.2 8.6344
7312.8 9.1178
7314.3 8.8386
7315.8 9.2566
7317.4 8.8786
7318.9 8.5588
7320.5 8.7491
7322.0 7.6829
7323.5 8.9142
7325.1 9.0729
7326.6 8.0875
7328.1 9.606
7329.7 7.9997
7331.2 8.2393
7332.8 8.3819
7334.3 8.1105
7335.8 8.8322
7337.4 8.6214
7338.9 8.6837
7340.5 8.3339
7342.0 9.4365
7343.5 8.4449
7345.1 8.783
7346.6 8.3896
7348.2 7.8194
7349.7 8.3642
7351.2 8.0915
7352.8 7.9088
7354.3 8.2797
7355.9 7.5631
7357.4 8.5991
7358.9 8.1742
7360.5 8.234
7362.0 8.5774
7363.6 8.1423
7365.1 9.2353
7366.6 9.3199
7368.2 7.9447
7369.7 8.4451
7371.3 7.9443
7372.8 7.7664
7374.3 7.9179
7375.9 8.3202
7377.4 8.0558
7379.0 7.9622
7380.5 8.5499
7382.0 7.8614
7383.6 7.8883
7385.1 8.0129
7386.7 8.727
7388.2 8.4677
7389.7 8.2225
7391.3 8.6695
7392.8 8.4513
7394.3 7.98
7395.9 8.3353
7397.4 8.4471
7399.0 8.2566
7400.5 8.4569
7402.0 8.0379
7403.6 8.3641
7405.1 8.7322
7406.7 7.7937
7408.2 8.2238
7409.7 8.31
7411.3 8.2138
7412.8 8.5678
7414.4 8.5514
7415.9 7.8721
7417.4 8.3427
7419.0 8.051
7420.5 8.4136
7422.1 8.223
7423.6 7.9439
7425.1 8.489
7426.7 7.4148
7428.2 8.241
7429.8 8.1894
7431.3 7.9646
7432.8 8.0199
7434.4 7.9554
7435.9 7.8906
7437.5 8.2648
7439.0 7.8806
7440.5 8.145
7442.1 8.3881
7443.6 8.1209
7445.2 7.4085
7446.7 8.0114
7448.3 7.1851
7449.8 8.0472
7451.3 8.0805
7452.9 7.6996
7454.4 8.3045
7456.0 7.4296
7457.5 8.0172
7459.0 8.0355
7460.6 8.0714
7462.1 8.0487
7463.7 8.0719
7465.2 8.0906
7466.7 7.8003
7468.3 8.5517
7469.8 7.6359
7471.4 7.9364
7472.9 8.0027
7474.4 8.1789
7476.0 8.5127
7477.5 8.0572
7479.1 7.8028
7480.6 8.9967
7482.1 7.8707
7483.7 7.352
7485.2 8.1747
7486.8 7.6888
7488.3 7.6279
7489.8 7.6831
7491.4 7.6216
7492.9 8.5273
7494.5 8.4727
7496.0 7.9
7497.5 7.8179
7499.1 8.1216
7500.6 7.8845
7502.2 8.5695
7503.7 7.7515
7505.2 7.9399
7506.8 8.2558
7508.3 7.8997
7509.9 8.3838
7511.4 7.4295
7513.0 8.0616
7514.5 8.1891
7516.0 7.7788
7517.6 8.3648
7519.1 8.1117
7520.7 8.7255
7522.2 8.1852
7523.7 7.6611
7525.3 8.4415
7526.8 8.2075
7528.4 8.0604
7529.9 7.6055
7531.4 8.1388
7533.0 7.4112
7534.5 7.5096
7536.1 7.8114
7537.6 7.3898
7539.1 7.8617
7540.7 7.1978
7542.2 7.5964
7543.8 8.4139
7545.3 7.7338
7546.9 7.9808
7548.4 7.4442
7549.9 8.0658
7551.5 7.935
7553.0 7.025
7554.6 7.8627
7556.1 8.1127
7557.6 8.1576
7559.2 7.8728
7560.7 7.9454
7562.3 7.7983
7563.8 7.2002
7565.3 7.6944
7566.9 7.4401
7568.4 8.1041
7570.0 7.4216
7571.5 7.657
7573.1 7.5318
7574.6 7.2576
7576.1 7.2911
7577.7 7.7373
7579.2 7.4627
7580.8 7.7675
7582.3 7.6075
7583.8 7.7417
7585.4 8.0277
7586.9 8.1332
7588.5 7.5326
7590.0 7.741
7591.6 7.167
7593.1 6.9112
7594.6 7.6942
7596.2 7.1826
7597.7 6.2356
7599.3 5.977
7600.8 7.5475
7602.3 6.8485
7603.9 7.9077
7605.4 7.2525
7607.0 6.1295
7608.5 6.2642
7610.1 7.0216
7611.6 7.2582
7613.1 7.3511
7614.7 7.8959
7616.2 7.8341
7617.8 6.5654
7619.3 6.6688
7620.8 7.0584
7622.4 6.5998
7623.9 7.1706
7625.5 6.915
7627.0 6.4615
7628.6 7.0284
7630.1 7.1883
7631.6 7.9037
7633.2 7.8316
7634.7 7.0936
7636.3 8.7399
7637.8 6.813
7639.3 7.6441
7640.9 7.786
7642.4 7.2964
7644.0 7.4776
7645.5 6.8157
7647.1 6.9037
7648.6 7.0338
7650.1 8.0269
7651.7 6.8224
7653.2 7.2185
7654.8 6.6353
7656.3 6.1983
7657.8 6.9132
7659.4 6.6318
7660.9 6.8086
7662.5 7.2317
7664.0 7.1398
7665.6 7.1868
7667.1 6.7171
7668.6 6.9252
7670.2 7.0729
7671.7 7.0375
7673.3 7.2128
7674.8 6.9268
7676.4 7.2425
7677.9 7.1476
7679.4 7.4523
7681.0 7.3424
7682.5 7.2611
7684.1 6.9631
7685.6 6.7441
7687.1 7.48
7688.7 7.4334
7690.2 7.1519
7691.8 6.9856
7693.3 6.9742
7694.9 6.6875
7696.4 6.9135
7697.9 7.1905
7699.5 7.3464
7701.0 7.1555
7702.6 7.6089
7704.1 7.233
7705.7 6.8019
7707.2 7.4265
7708.7 7.6593
7710.3 7.3962
7711.8 7.3486
7713.4 7.3297
7714.9 7.8499
7716.5 7.5957
7718.0 7.1423
7719.5 6.7302
7721.1 7.133
7722.6 7.0893
7724.2 6.9642
7725.7 6.7825
7727.2 6.4214
7728.8 6.8044
7730.3 6.8406
7731.9 7.5314
7733.4 7.1239
7735.0 6.874
7736.5 6.7839
7738.0 6.8778
7739.6 6.7906
7741.1 7.2955
7742.7 7.2482
7744.2 6.9289
7745.8 7.4389
7747.3 7.2319
7748.8 7.3407
7750.4 7.629
7751.9 7.3147
7753.5 7.5661
7755.0 7.0729
7756.6 7.112
7758.1 7.676
7759.6 7.0525
7761.2 7.4555
7762.7 7.2982
7764.3 6.9632
7765.8 6.9276
7767.4 7.4847
7768.9 7.5318
7770.4 7.3242
7772.0 7.3716
7773.5 7.2044
7775.1 7.3271
7776.6 7.0367
7778.2 7.6181
7779.7 7.8027
7781.2 7.1316
7782.8 6.7329
7784.3 7.5433
7785.9 6.9031
7787.4 6.8496
7789.0 7.3096
7790.5 7.4709
7792.0 7.5361
7793.6 7.5582
7795.1 6.7148
7796.7 7.3878
7798.2 7.2879
7799.8 7.4722
7801.3 7.0024
7802.8 7.0347
7804.4 7.3131
7805.9 7.5634
7807.5 7.2602
7809.0 7.3594
7810.6 7.0675
7812.1 6.7109
7813.7 7.4636
7815.2 7.3114
7816.7 7.2473
7818.3 7.5619
7819.8 7.2264
7821.4 6.9662
7822.9 6.4289
7824.5 7.0016
7826.0 7.1381
7827.5 6.7753
7829.1 6.7896
7830.6 6.9788
7832.2 7.1593
7833.7 6.927
7835.3 6.9593
7836.8 7.0773
7838.3 7.2692
7839.9 7.235
7841.4 6.621
7843.0 7.0688
7844.5 7.5389
7846.1 7.2216
7847.6 7.6575
7849.1 7.3905
7850.7 8.5473
7852.2 9.2056
7853.8 8.219
7855.3 7.392
7856.9 6.9562
7858.4 7.0045
7860.0 7.4485
7861.5 7.1229
7863.0 7.1175
7864.6 7.3841
7866.1 6.9086
7867.7 6.4528
7869.2 7.539
7870.8 7.1212
7872.3 8.1245
7873.8 7.6755
7875.4 6.9822
7876.9 7.2893
7878.5 7.02
7880.0 6.8661
7881.6 7.001
7883.1 6.5181
7884.6 6.7738
7886.2 7.5147
7887.7 7.1105
7889.3 7.1387
7890.8 7.7997
7892.4 7.6021
7893.9 7.1516
7895.5 6.5779
7897.0 6.4326
7898.5 6.6266
7900.1 6.3582
7901.6 6.8195
7903.2 7.3721
7904.7 7.3235
7906.3 8.1209
7907.8 7.1431
7909.3 6.9603
7910.9 8.2225
7912.4 7.9908
7914.0 7.8153
7915.5 7.5186
7917.1 6.8714
7918.6 7.3486
7920.2 7.8098
7921.7 7.2374
7923.2 6.803
7924.8 7.0633
7926.3 7.2371
7927.9 7.1478
7929.4 7.5823
7931.0 7.1588
7932.5 7.5191
7934.1 7.4561
7935.6 6.8436
7937.1 7.5329
7938.7 8.388
7940.2 15.045
7941.8 18.293
7943.3 14.38
7944.9 11.298
7946.4 11.561
7947.9 19.818
7949.5 19.586
7951.0 12.028
7952.6 8.5292
7954.1 7.7284
7955.7 6.6527
7957.2 7.1536
7958.8 7.1866
7960.3 6.4238
7961.8 7.2572
7963.4 7.9692
7964.9 7.4217
7966.5 7.0328
7968.0 6.6945
7969.6 7.0987
7971.1 7.0765
7972.7 6.6557
7974.2 7.1253
7975.7 7.3263
7977.3 7.793
7978.8 6.8278
7980.4 6.6371
7981.9 7.3985
7983.5 7.0604
7985.0 6.329
7986.6 6.9371
7988.1 7.5642
7989.6 7.7423
7991.2 8.1926
7992.7 7.1644
7994.3 7.0307
7995.8 8.2853
7997.4 7.5473
7998.9 6.9452
8000.5 6.5529
8002.0 6.264
8003.5 6.8628
8005.1 7.0574
8006.6 6.8654
8008.2 6.8857
8009.7 6.9477
8011.3 7.3583
8012.8 7.4464
8014.4 7.2335
8015.9 7.6899
8017.4 7.3647
8019.0 6.9819
8020.5 7.1441
8022.1 7.3483
8023.6 6.9118
8025.2 7.2472
8026.7 7.3103
8028.3 6.6659
8029.8 6.7035
8031.3 7.0107
8032.9 6.996
8034.4 6.5964
8036.0 6.2539
8037.5 6.633
8039.1 6.7743
8040.6 6.8201
8042.2 6.9582
8043.7 7.2639
8045.3 6.8966
8046.8 6.6818
8048.3 7.09
8049.9 7.0481
8051.4 6.7205
8053.0 6.625
8054.5 7.0451
8056.1 6.5216
8057.6 6.9454
8059.2 7.0817
8060.7 6.5422
8062.2 7.1408
8063.8 7.0486
8065.3 6.975
8066.9 6.8615
8068.4 6.5631
8070.0 6.3737
8071.5 6.658
8073.1 6.7772
8074.6 6.8067
8076.1 6.9035
8077.7 7.0673
8079.2 6.8594
8080.8 6.9458
8082.3 6.4598
8083.9 6.7862
8085.4 6.7795
8087.0 6.3656
8088.5 6.4479
8090.1 6.3799
8091.6 6.6191
8093.1 6.6351
8094.7 6.68
8096.2 6.6076
8097.8 6.0837
8099.3 6.2755
8100.9 6.743
8102.4 6.6755
8104.0 6.9123
8105.5 6.8568
8107.0 6.8261
8108.6 6.6833
8110.1 6.4939
8111.7 6.5612
8113.2 6.7373
8114.8 6.6991
8116.3 6.438
8117.9 6.5915
8119.4 6.4027
8121.0 6.2828
8122.5 7.0247
8124.0 6.9985
8125.6 6.841
8127.1 6.7294
8128.7 6.6305
8130.2 6.8425
8131.8 6.9388
8133.3 7.0175
8134.9 6.4473
8136.4 6.7866
8138.0 6.3926
8139.5 6.6943
8141.0 6.8036
8142.6 6.5338
8144.1 6.4211
8145.7 6.9675
8147.2 7.0541
8148.8 6.5395
8150.3 6.3804
8151.9 6.7017
8153.4 6.4826
8155.0 6.6238
8156.5 6.4413
8158.0 6.0133
8159.6 6.1452
8161.1 6.1239
8162.7 5.6513
8164.2 5.8179
8165.8 6.094
8167.3 6.3874
8168.9 6.2713
8170.4 6.0053
8172.0 5.9483
8173.5 6.5777
8175.0 6.4819
8176.6 6.6557
8178.1 7.2808
8179.7 6.4522
8181.2 5.9884
8182.8 6.288
8184.3 6.5833
8185.9 6.4588
8187.4 6.1241
8189.0 6.7026
8190.5 6.4095
8192.0 6.6472
8193.6 6.5878
8195.1 6.1808
8196.7 6.3196
8198.2 6.2466
8199.8 6.2996
8201.3 6.2318
8202.9 6.3385
8204.4 6.1212
8206.0 6.1829
8207.5 6.564
8209.0 6.3928
8210.6 6.708
8212.1 6.5235
8213.7 6.2531
8215.2 5.9314
8216.8 6.1989
8218.3 5.7731
8219.9 5.7134
8221.4 5.7853
8223.0 5.8437
8224.5 6.2779
8226.1 5.9445
8227.6 5.5374
8229.1 5.4483
8230.7 5.1666
8232.2 5.3265
8233.8 5.7164
8235.3 5.7321
8236.9 6.5386
8238.4 6.0493
8240.0 5.7543
8241.5 6.0989
8243.1 5.7
8244.6 6.0364
8246.1 6.3337
8247.7 6.451
8249.2 6.6856
8250.8 6.3813
8252.3 6.2838
8253.9 6.1936
8255.4 6.4805
8257.0 6.1838
8258.5 6.178
8260.1 6.3149
8261.6 6.3908
8263.2 6.6208
8264.7 6.6905
8266.2 6.5037
8267.8 6.3035
8269.3 6.1335
8270.9 6.3854
8272.4 5.9437
8274.0 6.5026
8275.5 6.8728
8277.1 7.1242
8278.6 7.3561
8280.2 5.6579
8281.7 6.6145
8283.3 7.2573
8284.8 7.0599
8286.3 7.0746
8287.9 7.1284
8289.4 7.117
8291.0 6.6946
8292.5 6.2567
8294.1 5.8139
8295.6 7.2774
8297.2 6.7353
8298.7 6.955
8300.3 7.8256
8301.8 6.4209
8303.4 6.4443
8304.9 6.6099
8306.4 6.1671
8308.0 6.4031
8309.5 6.6694
8311.1 6.6306
8312.6 6.2359
8314.2 5.8395
8315.7 5.6163
8317.3 6.2664
8318.8 6.8723
8320.4 6.3708
8321.9 6.3681
8323.5 6.0035
8325.0 5.8057
8326.5 6.4657
8328.1 6.0138
8329.6 6.2496
8331.2 6.1898
8332.7 6.042
8334.3 6.3575
8335.8 5.9186
8337.4 6.4564
8338.9 6.4347
8340.5 6.8256
8342.0 8.9153
8343.6 7.7655
8345.1 6.0645
8346.7 5.6928
8348.2 6.4474
8349.7 7.0041
8351.3 7.2705
8352.8 6.8458
8354.4 6.8144
8355.9 6.7977
8357.5 5.9987
8359.0 6.3
8360.6 6.0952
8362.1 6.0977
8363.7 6.8298
8365.2 6.9882
8366.8 7.2153
8368.3 6.7866
8369.8 6.2075
8371.4 6.0061
8372.9 6.1881
8374.5 6.5872
8376.0 6.5389
8377.6 6.1294
8379.1 6.847
8380.7 6.6812
8382.2 6.5457
8383.8 6.3559
8385.3 6.2413
8386.9 6.2499
8388.4 6.5496
8390.0 6.3004
8391.5 6.2488
8393.0 6.7341
8394.6 6.6106
8396.1 7.0682
8397.7 8.1858
8399.2 7.2267
8400.8 5.9823
8402.3 5.7382
8403.9 5.9047
8405.4 6.1347
8407.0 5.8879
8408.5 6.2284
8410.1 6.391
8411.6 6.2434
8413.2 6.2858
8414.7 6.9857
8416.2 7.2949
8417.8 6.087
8419.3 5.641
8420.9 5.8735
8422.4 5.8714
8424.0 6.2787
8425.5 7.064
8427.1 7.9533
8428.6 7.6383
8430.2 7.6023
8431.7 7.4206
8433.3 5.8235
8434.8 6.1121
8436.4 5.6827
8437.9 5.9225
8439.5 6.0737
8441.0 5.8672
8442.5 5.6413
8444.1 6.2324
8445.6 6.0895
8447.2 5.8812
8448.7 6.7312
8450.3 6.8216
8451.8 7.0151
8453.4 6.7966
8454.9 6.1563
8456.5 6.7973
8458.0 6.2529
8459.6 5.6969
8461.1 6.3575
8462.7 6.4569
8464.2 6.9624
8465.7 7.1192
8467.3 5.9443
8468.8 5.7193
8470.4 5.4243
8471.9 5.6817
8473.5 5.8915
8475.0 5.8795
8476.6 6.1393
8478.1 5.2897
8479.7 5.3876
8481.2 6.0274
8482.8 6.0722
8484.3 5.925
8485.9 6.1433
8487.4 5.9619
8489.0 5.725
8490.5 6.3186
8492.0 6.409
8493.6 7.0363
8495.1 6.5974
8496.7 6.063
8498.2 5.9125
8499.8 6.1862
8501.3 6.3297
8502.9 6.2199
8504.4 6.3086
8506.0 6.0926
8507.5 6.0033
8509.1 5.985
8510.6 5.3637
8512.2 5.5297
8513.7 5.9173
8515.3 5.9928
8516.8 5.9721
8518.3 5.8633
8519.9 6.1044
8521.4 5.9103
8523.0 6.0987
8524.5 5.5806
8526.1 5.758
8527.6 5.9007
8529.2 5.8017
8530.7 5.5567
8532.3 5.4963
8533.8 5.6466
8535.4 5.774
8536.9 6.0429
8538.5 6.1014
8540.0 5.8742
8541.6 6.2977
8543.1 6.2739
8544.7 6.1891
8546.2 6.0654
8547.7 5.7256
8549.3 6.3261
8550.8 6.6523
8552.4 5.49
8553.9 5.9113
8555.5 5.6547
8557.0 5.4033
8558.6 5.4922
8560.1 5.5762
8561.7 5.9262
8563.2 5.9887
8564.8 5.4945
8566.3 5.3762
8567.9 5.7864
8569.4 5.7542
8571.0 5.6507
8572.5 6.0465
8574.1 6.1962
8575.6 6.2966
8577.1 5.6166
8578.7 5.5615
8580.2 5.9843
8581.8 5.7081
8583.3 5.6412
8584.9 5.7514
8586.4 6.2033
8588.0 6.1272
8589.5 5.7371
8591.1 5.9533
8592.6 5.9814
8594.2 6.0488
8595.7 5.9811
8597.3 6.1948
8598.8 6.0057
8600.4 5.5298
8601.9 5.6599
8603.5 5.6356
8605.0 5.9216
8606.5 5.5866
8608.1 5.5273
8609.6 6.1648
8611.2 5.9279
8612.7 6.4784
8614.3 6.2676
8615.8 6.1779
8617.4 6.0765
8618.9 5.9475
8620.5 6.088
8622.0 6.0098
8623.6 6.3831
8625.1 6.0899
8626.7 5.8854
8628.2 5.9968
8629.8 6.1071
8631.3 6.588
8632.9 6.4401
8634.4 6.4111
8635.9 6.7994
8637.5 6.1445
8639.0 6.455
8640.6 6.0581
8642.1 5.5163
8643.7 6.109
8645.2 6.3103
8646.8 6.2124
8648.3 6.1722
8649.9 5.9978
8651.4 6.1528
8653.0 6.4502
8654.5 6.684
8656.1 7.1179
8657.6 6.9825
8659.2 6.4404
8660.7 6.5775
8662.3 6.7998
8663.8 5.9897
8665.4 5.9085
8666.9 5.9422
8668.4 5.8417
8670.0 5.9799
8671.5 5.5474
8673.1 6.5015
8674.6 5.8125
8676.2 6.2819
8677.7 5.8119
8679.3 5.6622
8680.8 5.9312
8682.4 5.0157
8683.9 5.5383
8685.5 5.8232
8687.0 5.7294
8688.6 5.8828
8690.1 5.9767
8691.7 5.1637
8693.2 5.2797
8694.8 5.6199
8696.3 5.8534
8697.9 5.9245
8699.4 5.766
8700.9 5.3303
8702.5 5.479
8704.0 5.6181
8705.6 5.9411
8707.1 5.8103
8708.7 5.5264
8710.2 5.6587
8711.8 5.7983
8713.3 5.6844
8714.9 5.8093
8716.4 5.8922
8718.0 6.0805
8719.5 5.6404
8721.1 6.0662
8722.6 6.2844
8724.2 5.9801
8725.7 5.4307
8727.3 5.9581
8728.8 6.0923
8730.4 5.4566
8731.9 5.9767
8733.5 5.6492
8735.0 5.7045
8736.5 5.865
8738.1 5.6202
8739.6 5.9177
8741.2 6.1509
8742.7 5.7697
8744.3 5.9301
8745.8 5.7386
8747.4 5.4825
8748.9 5.6587
8750.5 6.302
8752.0 5.7878
8753.6 5.7585
8755.1 5.8215
8756.7 5.9547
8758.2 6.7611
8759.8 7.2383
8761.3 7.5403
8762.9 6.5866
8764.4 6.123
8766.0 7.2515
8767.5 6.5987
8769.1 6.4334
8770.6 6.1355
8772.1 6.5049
8773.7 7.0465
8775.2 6.1537
8776.8 6.6244
8778.3 7.2741
8779.9 6.1503
8781.4 5.0437
8783.0 5.4156
8784.5 5.5135
8786.1 5.582
8787.6 6.3647
8789.2 5.9188
8790.7 5.7416
8792.3 5.7484
8793.8 5.1987
8795.4 5.7376
8796.9 5.5948
8798.5 5.5496
8800.0 5.5282
8801.6 5.3658
8803.1 5.8009
8804.7 5.9319
8806.2 5.9316
8807.8 5.5832
8809.3 5.2127
8810.8 5.4265
8812.4 5.358
8813.9 5.2689
8815.5 5.561
8817.0 5.0987
8818.6 5.4771
8820.1 6.0646
8821.7 6.155
8823.2 6.4908
8824.8 7.9281
8826.3 9.2858
8827.9 8.1503
8829.4 7.4599
8831.0 5.6406
8832.5 6.0423
8834.1 7.4195
8835.6 6.4667
8837.2 6.3875
8838.7 5.8706
8840.3 5.3341
8841.8 4.8078
8843.4 5.5217
8844.9 5.4345
8846.4 5.567
8848.0 6.7281
8849.5 6.8068
8851.1 5.6729
8852.6 5.7415
8854.2 5.6175
8855.7 5.3394
8857.3 5.4062
8858.8 5.6896
8860.4 5.5629
8861.9 6.1138
8863.5 5.6769
8865.0 6.0004
8866.6 6.5267
8868.1 6.8932
8869.7 6.4624
8871.2 5.3501
8872.8 5.3233
8874.3 5.2847
8875.9 5.3475
8877.4 6.1533
8879.0 6.0358
8880.5 6.4091
8882.1 6.7383
8883.6 5.8306
8885.2 6.2118
8886.7 6.8306
8888.2 6.3493
8889.8 4.7895
8891.3 4.8997
8892.9 5.3504
8894.4 5.2357
8896.0 5.5151
8897.5 5.8915
8899.1 6.6237
8900.6 6.6639
8902.2 6.3102
8903.7 5.601
8905.3 5.9381
8906.8 5.496
8908.4 5.2609
8909.9 5.0363
8911.5 5.2471
8913.0 5.6414
8914.6 6.3574
8916.1 6.9301
8917.7 7.1543
8919.2 7.517
8920.8 6.5643
8922.3 5.8363
8923.9 4.2366
8925.4 5.9769
8926.9 5.8485
8928.5 5.0197
8930.0 5.2914
8931.6 5.66
8933.1 5.6761
8934.7 6.0085
8936.2 5.8039
8937.8 5.8364
8939.3 5.5796
8940.9 6.0048
8942.4 6.1537
8944.0 5.8584
8945.5 6.2219
8947.1 5.799
8948.6 5.1254
8950.2 5.1383
8951.7 5.5297
8953.3 5.5793
8954.8 7.751
8956.4 6.81
8957.9 6.0217
8959.5 6.1168
8961.0 6.1495
8962.6 4.4911
8964.1 4.4847
8965.7 4.7244
8967.2 5.0511
8968.7 5.2086
8970.3 5.4205
8971.8 5.3162
8973.4 5.2056
8974.9 5.7737
8976.5 5.6613
8978.0 6.3955
8979.6 6.113
8981.1 5.7012
8982.7 5.6915
8984.2 6.1225
8985.8 6.481
8987.3 5.8466
8988.9 5.573
8990.4 5.389
8992.0 4.9216
8993.5 5.0539
8995.1 5.4716
8996.6 6.3021
8998.2 6.6457
8999.7 6.3998
9001.3 7.0096
9002.8 6.4119
9004.4 5.9977
9005.9 5.2198
9007.5 5.3292
9009.0 5.6027
9010.5 5.6026
9012.1 5.8938
9013.6 5.1822
9015.2 5.7175
9016.7 5.2461
9018.3 5.2417
9019.8 5.6554
9021.4 5.5756
9022.9 5.9032
9024.5 5.5968
9026.0 5.3902
9027.6 5.4371
9029.1 5.394
9030.7 5.6017
9032.2 5.6916
9033.8 5.9089
9035.3 5.8096
9036.9 6.033
9038.4 6.2187
9040.0 5.6816
9041.5 5.9587
9043.1 5.4084
9044.6 5.4839
9046.2 5.4992
9047.7 6.7689
9049.2 6.7186
9050.8 5.4462
9052.3 5.5861
9053.9 5.1336
9055.4 4.9505
9057.0 5.323
9058.5 5.3639
9060.1 5.447
9061.6 5.1743
9063.2 5.4496
9064.7 5.5388
9066.3 5.3132
9067.8 5.9746
9069.4 5.7993
9070.9 5.608
9072.5 5.1724
9074.0 5.0378
9075.6 5.7033
9077.1 4.829
9078.7 5.2032
9080.2 5.185
9081.8 5.0784
9083.3 4.8895
9084.9 4.8079
9086.4 5.0762
9088.0 4.8316
9089.5 5.6665
9091.0 5.0493
9092.6 5.2914
9094.1 5.5564
9095.7 4.884
9097.2 5.3619
9098.8 5.0523
9100.3 4.8694
9101.9 4.9929
9103.4 5.8586
9105.0 5.2169
9106.5 4.7892
9108.1 5.0815
9109.6 4.886
9111.2 4.7221
9112.7 5.5108
9114.3 4.9349
9115.8 5.2219
9117.4 4.6024
9118.9 4.428
9120.5 4.7356
9122.0 4.8017
9123.6 5.711
9125.1 5.1903
9126.7 5.6794
9128.2 5.1055
9129.8 4.9792
9131.3 4.9659
9132.8 4.8933
9134.4 4.7911
9135.9 4.6965
9137.5 4.5981
9139.0 4.5558
9140.6 4.7589
9142.1 5.3782
9143.7 5.152
9145.2 5.3527
9146.8 4.6636
9148.3 5.0864
9149.9 5.5842
9151.4 4.9373
9153.0 5.3164
9154.5 4.9758
9156.1 4.8758
9157.6 4.145
9159.2 4.2637
9160.7 4.4076
9162.3 3.9754
9163.8 4.2209
9165.4 4.6977
9166.9 4.5348
9168.5 4.9571
9170.0 4.9372
9171.5 4.8351
9173.1 5.1623
9174.6 4.4504
9176.2 4.3152
9177.7 4.4747
9179.3 4.8561
9180.8 5.1229
9182.4 5.4551
9183.9 5.1352
9185.5 5.4866
9187.0 5.1775
9188.6 5.0588
9190.1 5.3071
9191.7 5.2833
9193.2 5.0966
9194.8 5.1054
9196.3 4.907
9197.9 5.0008
9199.4 5.1045
9201.0 5.2899
9202.5 5.0516
9204.1 5.1224
9205.6 5.6234
9207.2 4.9966
9208.7 5.0905
9210.3 5.0786
9211.8 5.8917
9213.3 5.3226
9214.9 5.689
9216.4 5.4499
9218.0 5.0163
9219.5 4.8843
9221.1 4.9827
9222.6 5.1457
9224.2 5.1044
9225.7 5.2844
9227.3 4.9891
9228.8 4.9765
9230.4 5.0241
9231.9 5.1919
9233.5 5.3367
9235.0 5.055
9236.6 4.4044
9238.1 5.2907
9239.7 5.0488
9241.2 5.143
9242.8 4.9945
9244.3 4.6927
9245.9 5.1691
9247.4 4.8908
9248.9 5.2455
9250.5 5.6102
9252.0 4.8551
9253.6 5.2435
9255.1 5.1081
9256.7 4.9822
9258.2 5.2809
9259.8 4.9628
9261.3 5.3224
9262.9 4.8755
9264.4 4.8766
9266.0 5.0024
9267.5 5.2872
9269.1 5.4571
9270.6 4.9346
9272.2 5.1308
9273.7 5.0293
9275.3 4.8687
9276.8 4.745
9278.4 4.9004
9279.9 5.1675
9281.5 4.5999
9283.0 5.4561
9284.6 4.8577
9286.1 4.5236
9287.6 4.8192
9289.2 3.8397
9290.7 4.8675
9292.3 4.4281
9293.8 4.3069
9295.4 4.6905
9296.9 5.4432
9298.5 5.2676
9300.0 5.0411
9301.6 5.3558
9303.1 6.5695
9304.7 7.4909
9306.2 7.6191
9307.8 7.1873
9309.3 6.9245
9310.9 6.1343
9312.4 7.6217
9314.0 7.971
9315.5 6.7951
9317.1 5.5384
9318.6 3.8068
9320.2 6.9323
9321.7 7.4144
9323.2 5.956
9324.8 5.6618
9326.3 5.0811
9327.9 3.683
9329.4 4.4382
9331.0 5.395
9332.5 5.5135
9334.1 5.8023
9335.6 6.2903
9337.2 5.1916
9338.7 5.6652
9340.3 5.5963
9341.8 3.7327
9343.4 5.5601
9344.9 5.299
9346.5 5.2254
9348.0 5.0595
9349.6 5.4623
9351.1 4.5044
9352.7 4.4039
9354.2 4.8441
9355.7 4.2372
9357.3 4.4447
9358.8 5.1752
9360.4 5.4428
9361.9 5.2957
9363.5 5.6793
9365.0 6.0904
9366.6 4.7235
9368.1 5.7096
9369.7 5.3474
9371.2 5.1575
9372.8 13.483
9374.3 11.835
9375.9 6.9963
9377.4 6.5968
9379.0 3.582
9380.5 4.8044
9382.1 4.0305
9383.6 5.0163
9385.2 5.0083
9386.7 4.5422
9388.2 5.0703
9389.8 5.011
9391.3 4.92
9392.9 5.1249
9394.4 5.4872
9396.0 5.4644
9397.5 5.2543
9399.1 5.8485
9400.6 5.9365
9402.2 7.1451
9403.7 5.7117
9405.3 5.3281
9406.8 4.4777
9408.4 5.0621
9409.9 5.5517
9411.5 5.014
9413.0 5.2436
9414.6 5.1147
9416.1 6.0939
9417.7 7.3751
9419.2 7.173
9420.7 5.9588
9422.3 5.1803
9423.8 5.8076
9425.4 5.2814
9426.9 4.4337
9428.5 4.8388
9430.0 4.3631
9431.6 4.904
9433.1 5.6653
9434.7 5.4375
9436.2 5.1167
9437.8 9.3454
9439.3 9.5335
9440.9 5.6789
9442.4 2.5148
9444.0 1.611
9445.5 4.4446
9447.1 5.4854
9448.6 4.9395
9450.1 5.4112
9451.7 5.596
9453.2 5.3282
9454.8 5.3709
9456.3 6.6446
9457.9 8.2851
9459.4 6.118
9461.0 4.9049
9462.5 4.4083
9464.1 4.7359
9465.6 5.0567
9467.2 4.5909
9468.7 5.2005
9470.3 5.1821
9471.8 4.9787
9473.4 6.1739
9474.9 7.7694
9476.5 6.027
9478.0 6.4825
9479.5 4.102
9481.1 3.3023
9482.6 4.7375
9484.2 4.7214
9485.7 5.2627
9487.3 4.9676
9488.8 4.7717
9490.4 5.131
9491.9 4.6203
9493.5 4.3829
9495.0 4.8315
9496.6 4.7707
9498.1 5.2069
9499.7 5.0799
9501.2 6.1786
9502.8 4.8868
9504.3 5.6596
9505.8 5.3473
9507.4 4.4852
9508.9 4.2334
9510.5 4.3682
9512.0 3.9208
9513.6 4.8698
9515.1 5.1222
9516.7 6.9488
9518.2 7.6713
9519.8 5.7222
9521.3 3.4964
9522.9 5.3097
9524.4 5.2094
9526.0 4.8867
9527.5 4.022
9529.1 4.3729
9530.6 5.164
9532.1 5.4134
9533.7 5.1095
9535.2 4.8571
9536.8 5.3174
9538.3 4.5952
9539.9 4.8249
9541.4 4.573
9543.0 4.6348
9544.5 4.6507
9546.1 4.8933
9547.6 5.6946
9549.2 6.1528
9550.7 7.2315
9552.3 4.9065
9553.8 6.6434
9555.4 5.1993
9556.9 4.0516
9558.4 4.5172
9560.0 4.452
9561.5 5.3601
9563.1 5.794
9564.6 5.025
9566.2 5.768
9567.7 7.5902
9569.3 5.4695
9570.8 4.5464
9572.4 4.0012
9573.9 4.0802
9575.5 4.4087
9577.0 4.7204
9578.6 4.1481
9580.1 4.8916
9581.6 4.4685
9583.2 4.3331
9584.7 5.8207
9586.3 5.1462
9587.8 4.6545
9589.4 4.9081
9590.9 4.7282
9592.5 4.5843
9594.0 4.0644
9595.6 4.9931
9597.1 5.0313
9598.7 4.3626
9600.2 5.2719
9601.8 4.9259
9603.3 4.3931
9604.9 4.6354
9606.4 5.2774
9607.9 5.5122
9609.5 4.8182
9611.0 6.1273
9612.6 4.6521
9614.1 4.6696
9615.7 4.8257
9617.2 5.6254
9618.8 5.3935
9620.3 5.8537
9621.9 5.226
9623.4 2.9112
9625.0 4.434
9626.5 5.0679
9628.0 4.5335
9629.6 5.366
9631.1 4.9585
9632.7 4.6574
9634.2 4.2823
9635.8 4.4522
9637.3 4.1812
9638.9 5.0725
9640.4 5.3705
9642.0 4.5488
9643.5 3.5852
9645.1 4.1899
9646.6 5.2571
9648.2 4.777
9649.7 5.159
9651.2 5.3774
9652.8 4.4481
9654.3 4.2135
9655.9 5.0765
9657.4 4.4638
9659.0 5.1125
9660.5 4.5857
9662.1 4.9635
9663.6 4.2882
9665.2 5.6692
9666.7 5.5334
9668.3 4.8519
9669.8 3.9244
9671.3 5.8013
9672.9 5.3576
9674.4 5.0877
9676.0 4.7307
9677.5 4.874
9679.1 5.2996
9680.6 5.1097
9682.2 4.5431
9683.7 5.2305
9685.3 4.9657
9686.8 4.2335
9688.4 4.4258
9689.9 5.4047
9691.5 5.2522
9693.0 4.9922
9694.5 5.0113
9696.1 5.2341
9697.6 5.801
9699.2 5.6864
9700.7 3.3905
9702.3 4.3699
9703.8 4.3886
9705.4 4.8728
9706.9 5.6236
9708.5 3.9314
9710.0 4.936
9711.5 5.1281
9713.1 4.3074
9714.6 5.2266
9716.2 6.3002
9717.7 6.3701
9719.3 5.1418
9720.8 5.3683
9722.4 6.0074
9723.9 4.1981
9725.5 4.043
9727.0 4.5599
9728.6 5.0646
9730.1 5.2633
9731.6 4.9197
9733.2 4.6578
9734.7 5.4895
9736.3 5.3303
9737.8 5.1447
9739.4 4.2814
9740.9 3.9992
9742.5 4.6581
9744.0 5.3144
9745.6 4.4689
9747.1 4.1209
9748.7 5.4401
9750.2 4.5248
9751.7 4.6081
9753.3 3.7964
9754.8 5.4041
9756.4 4.265
9757.9 5.0071
9759.5 4.7636
9761.0 4.5848
9762.6 4.3411
9764.1 4.6394
9765.7 4.0791
9767.2 4.8001
9768.7 4.6449
9770.3 5.1108
9771.8 5.0531
9773.4 4.585
9774.9 4.5221
9776.5 4.4492
9778.0 3.6175
9779.6 5.0709
9781.1 4.8907
9782.7 4.959
9784.2 5.4262
9785.7 5.4273
9787.3 7.8979
9788.8 3.7375
9790.4 6.3167
9791.9 7.6669
9793.5 7.3975
9795.0 4.7467
9796.6 4.6821
9798.1 3.5766
9799.7 5.1897
9801.2 4.031
9802.7 4.2867
9804.3 4.3596
9805.8 4.4563
9807.4 3.816
9808.9 5.6536
9810.5 5.4715
9812.0 5.0097
9813.6 4.9669
9815.1 4.3501
9816.7 4.1137
9818.2 4.4666
9819.7 4.7928
9821.3 4.8268
9822.8 4.8765
9824.4 4.9804
9825.9 5.3498
9827.5 4.5894
9829.0 5.9528
9830.6 4.8278
9832.1 4.7979
9833.7 4.7883
9835.2 4.3298
9836.7 4.7486
9838.3 4.53
9839.8 4.3587
9841.4 5.5156
9842.9 5.5514
9844.5 5.2735
9846.0 6.9112
9847.6 6.6145
9849.1 5.6763
9850.6 3.673
9852.2 3.7735
9853.7 4.3884
9855.3 4.178
9856.8 4.5556
9858.4 5.0787
9859.9 4.5877
9861.5 4.5751
9863.0 4.7191
9864.6 4.7993
9866.1 4.5532
9867.6 5.438
9869.2 6.8577
9870.7 8.3369
9872.3 6.6401
9873.8 5.0055
9875.4 4.1952
9876.9 3.6937
9878.5 3.9526
9880.0 3.9005
9881.5 4.1501
9883.1 4.9036
9884.6 4.7093
9886.2 4.682
9887.7 4.3981
9889.3 5.7686
9890.8 4.855
9892.4 4.7906
9893.9 6.0873
9895.5 5.0238
9897.0 5.9198
9898.5 4.0695
9900.1 4.1471
9901.6 5.1588
9903.2 4.5514
9904.7 4.6736
9906.3 4.5564
9907.8 4.8466
9909.4 5.1667
9910.9 5.9756
9912.4 9.1223
9914.0 6.988
9915.5 5.5712
9917.1 8.8153
9918.6 3.254
9920.2 3.8274
9921.7 4.1945
9923.3 4.056
9924.8 3.7381
9926.3 3.7354
9927.9 5.1126
9929.4 4.3458
9931.0 5.7461
9932.5 3.7639
9934.1 4.6495
9935.6 4.967
9937.2 4.3236
9938.7 6.803
9940.2 7.3913
9941.8 8.2126
9943.3 9.5959
9944.9 9.9192
9946.4 7.3508
9948.0 3.341
9949.5 5.8458
9951.1 5.7859
9952.6 6.9697
9954.1 5.0902
9955.7 5.5359
9957.2 4.8795
9958.8 5.0674
9960.3 5.2076
9961.9 4.34
9963.4 5.154
9964.9 3.4985
9966.5 3.1354
9968.0 5.0682
9969.6 4.0052
9971.1 4.0948
9972.7 4.5968
9974.2 3.2743
9975.8 4.7223
9977.3 4.0999
9978.8 5.6309
9980.4 3.642
9981.9 4.4041
9983.5 5.1933
9985.0 4.3854
9986.6 5.0025
9988.1 4.372
9989.7 4.4689
9991.2 5.2013
9992.7 4.8242
9994.3 4.5407
9995.8 4.6932
9997.4 4.8998
9998.9 6.4834
10000.0 4.3696
10002.0 5.0795
10004.0 4.1079
10005.0 4.1705
10007.0 5.3985
10008.0 6.5115
10010.0 9.2786
10011.0 5.4985
10013.0 7.1408
10014.0 6.8625
10016.0 4.8393
10017.0 4.1656
10019.0 3.1293
10021.0 5.7053
10022.0 5.9626
10024.0 10.062
10025.0 6.4701
10027.0 3.2786
10028.0 5.6398
10030.0 5.058
10031.0 3.5349
10033.0 5.3182
10034.0 4.9167
10036.0 5.4533
10038.0 5.5438
10039.0 4.9383
10041.0 6.1292
10042.0 4.9258
10044.0 3.9388
10045.0 5.3871
10047.0 4.509
10048.0 5.286
10050.0 4.8129
10051.0 3.7298
10053.0 5.0744
10054.0 4.1325
10056.0 5.7244
10058.0 5.1619
10059.0 4.8087
10061.0 5.8779
10062.0 6.7612
10064.0 5.2609
10065.0 5.1696
10067.0 4.6698
10068.0 5.7575
10070.0 4.7557
10071.0 4.2184
10073.0 4.1857
10075.0 5.1129
10076.0 3.5826
10078.0 5.6897
10079.0 5.8656
10081.0 7.0205
10082.0 7.656
10084.0 9.0155
10085.0 3.6678
10087.0 4.9308
10088.0 4.4353
10090.0 4.0158
10092.0 4.396
10093.0 2.8498
10095.0 4.3365
10096.0 3.3333
10098.0 4.5226
10099.0 3.0735
10101.0 3.9741
10102.0 5.1151
10104.0 4.2611
10105.0 4.4537
10107.0 3.1779
10108.0 3.4885
10110.0 3.2887
10112.0 3.5657
10113.0 4.6662
10115.0 3.0321
10116.0 5.4293
10118.0 4.6016
10119.0 5.0115
10121.0 6.3483
10122.0 5.5513
10124.0 6.3237
10125.0 6.003
10127.0 4.3036
10129.0 0.24997
10130.0 2.5274
10132.0 4.4759
10133.0 2.6796
10135.0 3.6691
10136.0 3.4855
10138.0 4.1928
10139.0 4.0827
10141.0 4.1947
10142.0 5.572
10144.0 6.1003
10145.0 3.5911
10147.0 4.938
10149.0 4.3239
10150.0 5.4111
10152.0 2.5422
10153.0 4.9931
10155.0 4.5452
10156.0 3.7885
10158.0 4.1618
10159.0 4.5276
10161.0 6.4012
10162.0 3.3837
10164.0 2.9539
10166.0 3.7529
10167.0 4.1679
10169.0 4.5834
10170.0 7.777
10172.0 10.201
10173.0 3.1719
10176.0 1.705
10178.0 4.4343
10179.0 4.21
10181.0 3.9093
10183.0 2.2651
10184.0 4.5572
10186.0 6.0376
10187.0 6.716
10189.0 7.7321
10190.0 5.0457
10192.0 3.5694
10193.0 3.3369
10195.0 4.1128
10196.0 2.749
10198.0 4.5329
10199.0 4.0668
10201.0 4.1948
10203.0 6.7696
10204.0 5.1034
10206.0 6.7716
10207.0 4.95
10209.0 6.8488
10210.0 3.4111
10212.0 2.6259
10213.0 3.1868
10215.0 2.9607
10216.0 5.1853
10218.0 5.246
10220.0 5.6886
10221.0 5.2169
10223.0 4.1512
10224.0 5.8512
10226.0 7.938
10227.0 5.5332
10229.0 3.902
10230.0 2.1891
10232.0 4.7027
10233.0 2.4803
10235.0 4.7619
10236.0 3.5859
10238.0 3.5109
10240.0 5.5897
10241.0 0.772
10243.0 5.018
10244.0 5.0478
10246.0 4.271
10247.0 3.8872
10249.0 4.8989
10250.0 3.9611
10252.0 1.1977
10253.0 3.3558
10255.0 3.4362
10256.0 5.6965
10258.0 5.2821
10260.0 4.4601
10261.0 5.0658
10263.0 3.9738
10264.0 2.1525
10266.0 5.0242
10267.0 4.1168
10269.0 4.1421
10270.0 3.5742
10272.0 4.351
10273.0 0.74799
10275.0 3.0406
10277.0 1.519
10278.0 6.431
10280.0 4.7299
10281.0 4.8448
10283.0 12.953
10284.0 6.3379
10286.0 13.093
10287.0 14.758
10289.0 4.9198
10290.0 5.6469
10292.0 0.83768
10293.0 3.1411
10295.0 7.3986
10297.0 2.968
10298.0 4.1596
10300.0 3.5634
10301.0 3.6081
10303.0 2.1159
10304.0 4.665
10306.0 6.0082
10307.0 4.119
10309.0 5.9596
10310.0 0.92242
10312.0 1.9271
10313.0 4.886
10315.0 6.5553
10317.0 4.6784
10318.0 6.0567
10320.0 3.7113
10321.0 1.7918
10323.0 3.1844
10324.0 7.2285
10327.0 0.49646
10329.0 7.3552
10330.0 4.1299
10332.0 5.4177
10334.0 1.1728
10335.0 4.1194
10337.0 5.7452
10338.0 2.1748
10340.0 4.8199
10341.0 2.9548
10343.0 3.7864
10344.0 6.8319
10346.0 1.6449
10347.0 5.2094
10349.0 4.3891
10350.0 4.8774
10352.0 6.4233
10354.0 4.9994
10355.0 1.8463
10357.0 3.7327
10358.0 2.3145
10360.0 0.67558
10361.0 3.7345
10363.0 2.2118
10364.0 4.3577
10366.0 0.30507
10367.0 3.7338
10369.0 6.8819
10370.0 7.5748
10372.0 10.015
10374.0 11.234
10375.0 6.2304
10377.0 1.9908
10378.0 1.8282
10380.0 6.0069
10381.0 1.6627
10383.0 3.1084
10384.0 4.2709
10387.0 5.5035
10389.0 3.0903
10390.0 1.1398
10392.0 4.6716
10394.0 6.0378
10395.0 5.512
10397.0 5.5324
10398.0 5.5378
10400.0 12.997
10401.0 3.761
10403.0 2.7619
10404.0 5.5155
10406.0 5.2199
10407.0 1.8461
10409.0 1.8997
10410.0 1.9974
10412.0 4.3839
10414.0 2.5355
10415.0 9.2177
10417.0 11.267
10418.0 0.45368
10420.0 7.5626
10421.0 11.332
10424.0 0.63195
10426.0 4.1239
10427.0 1.8669
10429.0 7.4263
10430.0 4.5552
10432.0 6.6187
10434.0 2.2954
10435.0 3.6373
10437.0 2.5732
10438.0 0.96903
10440.0 3.3748
10441.0 3.1579
10443.0 3.5368
10444.0 2.3645
10446.0 4.5226
10447.0 3.9876
10449.0 6.2463
10450.0 9.3309
10452.0 3.1452
10454.0 3.7733
10455.0 1.458
10457.0 5.8684
10458.0 8.015
10460.0 1.8574
10461.0 5.6668
10463.0 2.9448
10466.0 7.1124
10467.0 7.7912
10469.0 6.7693
10470.0 3.6669
10472.0 4.9255
10474.0 3.7674
10475.0 7.9276
10477.0 10.828
10478.0 8.9835
10480.0 6.2169
10481.0 1.5388
10483.0 2.9571
10484.0 11.604
10486.0 4.2571
10487.0 6.1634
10489.0 7.032
10490.0 2.4912
10492.0 5.9391
10494.0 5.1103
10497.0 2.9879
10498.0 7.7852
